0.009643239999999999
0.009721959999999998
0.009940089999999999
0.01048576
0.010281960000000001
0.010383610000000001
0.010424409999999999
0.01046529
0.01032256
0.010080160000000001
0.00948676
0.009331560000000001
0.00950625
0.01024144
0.01032256
0.01034289
0.01016064
0.00986049
0.009940089999999999
0.01094116
0.010795210000000001
0.011151359999999999
0.01153476
0.011728889999999999
0.011750559999999998
0.01218816
0.01274641
0.01343281
0.01352569
0.01343281
0.014376010000000002
0.013806249999999999
0.01408969
0.01361889
0.01274641
0.01327104
0.01352569
0.014835240000000001
0.015976960000000002
0.016230760000000004
0.01625625
0.01705636
0.016900000000000002
0.018144089999999995
0.01817104
0.01697809
0.017265959999999997
0.01771561
0.017742240000000003
0.01836025
0.018144089999999995
0.018550439999999998
0.020592249999999996
0.02093809
0.022440039999999998
0.022230810000000004
0.02093809
0.01968409
0.020135609999999998
0.02128681
0.021638410000000004
0.02143296
0.024554890000000003
0.024932410000000006
0.02611456
0.02553604
0.02699449
0.027955839999999996
0.030380490000000003
0.03122289
0.02954961
0.02961841
0.03069504
0.03301489
0.03229209
0.03455881
0.036062010000000005
0.03709476
0.03980025
0.04355569
0.044986410000000004
0.04631104
0.04769856000000001
0.05125696
0.05308416
0.05480281
0.057360249999999995
0.057648010000000006
0.059487210000000006
0.06411023999999999
0.06697743999999999
0.07096896000000001
0.07507600000000002
0.07851204
0.08213956000000001
0.08254129
0.08643599999999999
0.09412624000000001
0.09585215999999999
0.09784384000000002
0.10284848999999999
0.10188863999999999
0.10361961000000001
0.10381283999999999
0.10510563999999999
0.10923025000000001
0.11600836
0.11764900000000002
0.12271009
0.12510369000000002
0.12680721000000003
0.13483584
0.13010449000000002
0.12723489000000002
0.12931215999999998
0.13046544000000002
0.13586595999999998
0.14348944000000002
0.15335056
0.14961423999999998
0.15303744
0.15713296
0.16064064
0.16711744
0.17875984
0.17589636
0.175561
0.17572864000000002
0.17842175999999998
0.18318399999999999
0.198025
0.20025625
0.20557156000000001
0.208849
0.21288996
0.22212368999999998
0.22953681000000004
0.23406244
0.23116864
0.24098281
0.24532209000000002
0.24950025
0.26020201
0.26666895999999995
0.27384289
0.27175369
0.26718561
0.27092025
0.27384289
0.268324
0.27050401
0.27615025
0.279841
0.27384289
0.27688644
0.27657081000000006
0.27941795999999997
0.28654609
0.28526281000000003
0.29073664
0.28440888999999997
0.29343888999999995
0.29192409
0.29669808999999997
0.30459360999999996
0.30448323999999993
0.31427236
0.30891363999999993
0.30969225
0.31460880999999996
0.32148899999999997
0.33177599999999996
0.33085504000000004
0.33339076
0.33524099999999996
0.33500944
0.33895684000000004
0.34574399999999994
0.34327881
0.34609689000000005
0.35485849
0.36084049
0.36336784
0.3651784899999999
0.36747843999999996
0.37662769
0.38663524000000005
0.38118275999999995
0.37112463999999995
0.36857040999999996
0.3652993600000001
0.37589161
0.38551681
0.38464803999999997
0.38613795999999995
0.38837824
0.39677401
0.39614436
0.41242084
0.4027171600000001
0.3989185600000001
0.39879224999999996
0.4001827600000001
0.40602383999999997
0.40755455999999995
0.41434969000000005
0.40742689
0.40309801
0.41165055999999994
0.4078099599999999
0.4039873600000001
0.40475044
0.39664804000000004
0.39325441
0.38155329000000004
0.39200121
0.39513796000000007
0.3886275599999999
0.388129
0.39025009000000005
0.38502025000000006
0.390625
0.39075001
0.38303721
0.38502025000000006
0.3844
0.39262756000000004
0.39727809
0.40056241000000004
0.39917124000000004
0.39765636000000004
0.39513796000000007
0.403225
0.40220964
0.40538689000000006
0.40844881
0.4025902499999999
0.400689
0.39992975999999997
0.39955040999999997
0.39992975999999997
0.405769
0.4090881599999999
0.40768224999999997
0.40717161
0.4052595600000001
0.40500495999999997
0.40030929000000004
0.417316
0.4258867599999999
0.42915601000000003
0.41912676
0.42719295999999995
0.42981136
0.43164900000000006
0.43612816
0.43599609
0.44275716
0.44289025
0.42981136
0.43125488999999995
0.43652448999999993
0.43309561
0.43956900000000004
0.44209201000000004
0.4273236899999999
0.41654115999999997
0.42120100000000005
0.4180915599999999
0.41654115999999997
0.4115222499999999
0.413449
0.40768224999999997
0.40883235999999995
0.400689
0.4001827600000001
0.41383488999999996
0.405769
0.40233649
0.40094224
0.4051322499999999
0.40972801
0.40119555999999995
0.404496
0.403225
0.40768224999999997
0.40157569000000004
0.40284409000000004
0.40436881
0.41011215999999995
0.41977441000000004
0.4234104899999999
0.41654115999999997
0.40972801
0.41024025
0.41654115999999997
0.42029289
0.40857664
0.41139395999999995
0.41641208999999996
0.41332041
0.42107121000000003
0.41615401
0.41525135999999996
0.41049649000000005
0.4039873600000001
0.4079376900000001
0.4079376900000001
0.4078099599999999
0.41139395999999995
0.41460721000000006
0.4065337599999999
0.41100921
0.41486481000000003
0.42250000000000004
0.41473600000000005
0.42029289
0.40947201000000005
0.40768224999999997
0.4027171600000001
0.39501224999999995
0.395641
0.40424164
0.40806544000000006
0.41525135999999996
0.40870449
0.4115222499999999
0.41190724000000006
0.40170244000000005
0.40462321
0.405769
0.4052595600000001
0.40666129000000006
0.40678884000000004
0.40233649
0.4052595600000001
0.4027171600000001
0.40424164
0.4014489600000001
0.39955040999999997
0.39727809
0.4027171600000001
0.40475044
0.40106888999999996
0.399424
0.3975302499999999
0.40475044
0.39992975999999997
0.4052595600000001
0.40947201000000005
0.40615129
0.405769
0.4078099599999999
0.40220964
0.41254928999999996
0.40602383999999997
0.41512248999999996
0.41563809000000007
0.41899728999999997
0.42393121
0.42640900000000004
0.41886784
0.42107121000000003
0.410881
0.41434969000000005
0.41177889000000006
0.40666129000000006
0.41254928999999996
0.41473600000000005
0.41602500000000003
0.42016324
0.42954916
0.42601728999999994
0.42981136
0.42653961
0.43099224999999997
0.42850115999999994
0.43362225
0.43599609
0.42693156
0.42471288999999995
0.41718681
0.41692849000000004
0.42627841000000005
0.43612816
0.43059844
0.42706225
0.42159049
0.42549528999999997
0.43059844
0.43178041
0.43191184
0.43414921000000006
0.42693156
0.42172035999999996
0.43178041
0.43072969
0.432964
0.42706225
0.4286320899999999
0.42120100000000005
0.42042255999999995
0.41912676
0.4090881599999999
0.41525135999999996
0.40487768999999996
0.40005624999999995
0.40729924
0.4078099599999999
0.39664804000000004
0.40538689000000006
0.40819321000000003
0.39589263999999996
0.39425841
0.39790864000000004
0.394384
0.40373316
0.40233649
0.40627875999999996
0.40640624999999997
0.39200121
0.39526369000000006
0.40589641
0.40119555999999995
0.38613795999999995
0.38713284
0.39363075999999997
0.399424
0.40246335999999994
0.39250224999999994
0.39476089
0.40170244000000005
0.39803481
0.39917124000000004
0.4027171600000001
0.39601848999999995
0.39740415999999995
0.39955040999999997
0.39476089
0.39765636000000004
0.40972801
0.40857664
0.40170244000000005
0.40896024999999997
0.41550915999999993
0.41062464000000004
0.41499364
0.40246335999999994
0.40934404
0.40857664
0.4065337599999999
0.41434969000000005
0.40551424
0.4027171600000001
0.41100921
0.41589601000000004
0.41538024999999995
0.41499364
0.41938575999999994
0.4180915599999999
0.4130632900000001
0.40436881
0.4039873600000001
0.4014489600000001
0.40106888999999996
0.41229241
0.42029289
0.40297104000000006
0.41100921
0.40360609
0.39237695999999994
0.38663524000000005
0.39526369000000006
0.38613795999999995
0.38526849
0.39363075999999997
0.38887696000000005
0.39325441
0.38775529000000003
0.38093583999999997
0.39212643999999997
0.39879224999999996
0.38962564
0.39037504
0.39075001
0.38167684
0.37564641
0.37884025000000005
0.37847104
0.37332099999999996
0.37625955999999994
0.38328481
0.38007225000000006
0.37332099999999996
0.37222201
0.37503376000000005
0.37258816000000006
0.3689347600000001
0.36457444
0.36917776
0.37136836000000006
0.36276528999999996
0.36012000999999993
0.35748441
0.35820225000000006
0.35652840999999996
0.36192256
0.3592803600000001
0.35940025000000003
0.36048016000000005
0.35844169000000003
0.36144143999999995
0.38725729
0.37982568999999994
0.38167684
0.383161
0.39488655999999994
0.38675961000000003
0.38837824
0.37896336
0.37662769
0.37638225000000003
0.383161
0.38266596
0.38402809000000004
0.390625
0.3886275599999999
0.39639616000000005
0.40755455999999995
0.40309801
0.4039873600000001
0.410881
0.40844881
0.40030929000000004
0.40806544000000006
0.40947201000000005
0.4001827600000001
0.40208281
0.404496
0.39980329
0.38912644
0.3886275599999999
0.38700840999999997
0.38912644
0.39112515999999997
0.38713284
0.3887522500000001
0.39050001
0.38738175999999996
0.3825422500000001
0.38303721
0.385641
0.38044224000000004
0.37711880999999997
0.37724163999999993
0.37442161
0.38353248999999995
0.386884
0.39300361
0.391876
0.3937562499999999
0.38266596
0.37748735999999994
0.37748735999999994
0.38291344
0.39300361
0.38278969
0.37785609000000003
0.38651089000000005
0.39325441
0.40030929000000004
0.39904489000000004
0.39929761
0.40233649
0.39400729000000007
0.40157569000000004
0.40182921000000005
0.40678884000000004
0.40347904
0.39538944000000004
0.3975302499999999
0.40717161
0.40233649
0.40347904
0.39237695999999994
0.39664804000000004
0.40170244000000005
0.4027171600000001
0.4090881599999999
0.41319184000000003
0.41718681
0.41512248999999996
0.41396355999999995
0.41499364
0.41319184000000003
0.40896024999999997
0.40335201
0.41062464000000004
0.41460721000000006
0.40857664
0.40297104000000006
0.40119555999999995
0.40475044
0.39955040999999997
0.4065337599999999
0.40284409000000004
0.40947201000000005
0.42042255999999995
0.42250000000000004
0.41692849000000004
0.41447844000000006
0.40972801
0.4078099599999999
0.39955040999999997
0.40462321
0.395641
0.39513796000000007
0.40436881
0.40883235999999995
0.40347904
0.40768224999999997
0.408321
0.4038602499999999
0.4038602499999999
0.4079376900000001
0.40538689000000006
0.41319184000000003
0.41434969000000005
0.41177889000000006
0.40755455999999995
0.40921609000000003
0.408321
0.40640624999999997
0.40500495999999997
0.40462321
0.393129
0.39325441
0.40640624999999997
0.40972801
0.40043584000000004
0.3989185600000001
0.40106888999999996
0.39690000000000003
0.38800441
0.38987535999999995
0.38750625000000005
0.37982568999999994
0.37429924000000003
0.381924
0.38019556000000004
0.38588944
0.38576520999999997
0.37748735999999994
0.385641
0.37491128999999995
0.37491128999999995
0.37601423999999994
0.37552384
0.37295449
0.37344320999999997
0.37970244
0.37871715999999994
0.37442161
0.38142976000000006
0.38031889
0.38987535999999995
0.40233649
0.41409224999999994
0.403225
0.40309801
0.40106888999999996
0.40106888999999996
0.39853968999999995
0.40119555999999995
0.40246335999999994
0.40768224999999997
0.40589641
0.40538689000000006
0.40005624999999995
0.4051322499999999
0.39929761
0.39501224999999995
0.38912644
0.38105928999999994
0.38415204000000003
0.38613795999999995
0.38925121
0.38700840999999997
0.39112515999999997
0.40208281
0.4096
0.39992975999999997
0.40005624999999995
0.40742689
0.40640624999999997
0.39576680999999997
0.39150049000000003
0.39589263999999996
0.38700840999999997
0.3975302499999999
0.39538944000000004
0.38750625000000005
0.38093583999999997
0.38044224000000004
0.38340863999999997
0.39879224999999996
0.40220964
0.41024025
0.40106888999999996
0.40602383999999997
0.41024025
0.40589641
0.40589641
0.39879224999999996
0.39237695999999994
0.38987535999999995
0.3851443600000001
0.38526849
0.37970244
0.38105928999999994
0.39425841
0.39287824000000005
0.38663524000000005
0.38427601
0.38912644
0.40132224999999994
0.39664804000000004
0.39765636000000004
0.40056241000000004
0.39765636000000004
0.39639616000000005
0.39025009000000005
0.39112515999999997
0.388129
0.39652209000000005
0.390625
0.38576520999999997
0.39513796000000007
0.39526369000000006
0.39614436
0.39627024999999994
0.39237695999999994
0.38925121
0.39087503999999995
0.39501224999999995
0.39677401
0.390625
0.38925121
0.38713284
0.376996
0.37711880999999997
0.38155329000000004
0.39025009000000005
0.39100008999999997
0.39715204
0.39627024999999994
0.394384
0.39275289
0.3937562499999999
0.39488655999999994
0.39400729000000007
0.38651089000000005
0.3886275599999999
0.38750625000000005
0.394384
0.4027171600000001
0.390625
0.37785609000000003
0.38713284
0.38328481
0.37847104
0.37491128999999995
0.36881328999999996
0.367236
0.36832760999999997
0.38007225000000006
0.37736448999999994
0.38118275999999995
0.380689
0.38328481
0.38651089000000005
0.37957921
0.37589161
0.36978561
0.36869183999999994
0.37002888999999994
0.37344320999999997
0.37258816000000006
0.37380996000000005
0.37527876000000004
0.36687249
0.36978561
0.367236
0.36048016000000005
0.3651784899999999
0.364816
0.37002888999999994
0.37112463999999995
0.37161216
0.37307664
0.37088099999999996
0.36566209
0.37356543999999997
0.36457444
0.36614600999999997
0.36820624
0.3689347600000001
0.36942084000000003
0.36832760999999997
0.36276528999999996
0.37527876000000004
0.3689347600000001
0.364816
0.36192256
0.36348841
0.35988001
0.36638808999999994
0.37491128999999995
0.38081241
0.37589161
0.37884025000000005
0.3751562500000001
0.37834800999999996
0.38378025000000004
0.37896336
0.38204761
0.38093583999999997
0.38167684
0.37638225000000003
0.37319881
0.38502025000000006
0.37810201
0.38489615999999993
0.39112515999999997
0.38502025000000006
0.37871715999999994
0.38850288999999993
0.39576680999999997
0.399424
0.39740415999999995
0.39980329
0.41718681
0.41139395999999995
0.40640624999999997
0.4027171600000001
0.4090881599999999
0.41525135999999996
0.4065337599999999
0.40934404
0.40870449
0.40729924
0.40678884000000004
0.41280624999999993
0.41899728999999997
0.41447844000000006
0.40985604
0.40094224
0.41538024999999995
0.41641208999999996
0.40934404
0.40424164
0.40284409000000004
0.40411449000000005
0.39287824000000005
0.39955040999999997
0.4001827600000001
0.41139395999999995
0.41641208999999996
0.41938575999999994
0.42120100000000005
0.42185025
0.41024025
0.41641208999999996
0.41486481000000003
0.40564161000000004
0.39526369000000006
0.4025902499999999
0.40056241000000004
0.39980329
0.40106888999999996
0.3938817600000001
0.39980329
0.40411449000000005
0.41667024999999996
0.41447844000000006
0.419904
0.41525135999999996
0.42016324
0.40998408999999997
0.40436881
0.40170244000000005
0.41589601000000004
0.41254928999999996
0.42640900000000004
0.4142209599999999
0.42614784000000006
0.42523441
0.41822089000000007
0.42562575999999996
0.43520408999999993
0.43428100000000003
0.43639236
0.44275716
0.45454564000000003
0.4489000000000001
0.44609041000000005
0.4313862400000001
0.42614784000000006
0.42837024999999995
0.41977441000000004
0.4300736400000001
0.43718544000000004
0.4234104899999999
0.4090881599999999
0.41602500000000003
0.41938575999999994
0.4327008400000001
0.44435556
0.44408896
0.43996689
0.43151761000000005
0.42575624999999995
0.43917128999999994
0.43178041
0.4313862400000001
0.42994248999999995
0.43164900000000006
0.42133081
0.40870449
0.405769
0.41113743999999997
0.42614784000000006
0.43164900000000006
0.43388568999999994
0.432964
0.42172035999999996
0.42380100000000004
0.42406144
0.42915601000000003
0.4367888100000001
0.4458232899999999
0.44235801
0.45333289
0.44782864
0.44462223999999995
0.4419590399999999
0.44689225
0.45104656
0.44756100000000004
0.45481536
0.45427600000000007
0.44435556
0.4300736400000001
0.43520408999999993
0.43692100000000006
0.44782864
0.43956900000000004
0.45427600000000007
0.44609041000000005
0.44435556
0.44289025
0.43996689
0.44502241000000003
0.44609041000000005
0.44769481000000005
0.43626024999999996
0.44649124
0.44408896
0.44970435999999997
0.44769481000000005
0.44036495999999997
0.42837024999999995
0.42653961
0.43414921000000006
0.438244
0.43996689
0.44622400000000007
0.44355600000000006
0.44129449
0.43414921000000006
0.43586404
0.43956900000000004
0.42941809
0.42915601000000003
0.42250000000000004
0.41757444
0.42224004000000004
0.42823935999999996
0.41822089000000007
0.4078099599999999
0.41460721000000006
0.4038602499999999
0.389376
0.37908649000000005
0.38489615999999993
0.3825422500000001
0.38775529000000003
0.3886275599999999
0.38502025000000006
0.37957921
0.38576520999999997
0.37589161
0.38378025000000004
0.390625
0.38775529000000003
0.393129
0.393129
0.39841343999999995
0.39476089
0.39740415999999995
0.399424
0.39538944000000004
0.40347904
0.4027171600000001
0.40857664
0.40717161
0.41100921
0.41242084
0.41486481000000003
0.42029289
0.417316
0.41036835999999993
0.42211009000000005
0.42693156
0.413449
0.42198015999999994
0.4196448400000001
0.42289009
0.42185025
0.42003361
0.40896024999999997
0.41499364
0.42758521000000005
0.43099224999999997
0.43441281000000004
0.43362225
0.44156025
0.44009956
0.45144961000000006
0.44049768999999994
0.42850115999999994
0.43322724
0.43204328999999997
0.43414921000000006
0.43178041
0.43217476
0.42706225
0.43375395999999994
0.43362225
0.43705321
0.43546801000000007
0.44209201000000004
0.42719295999999995
0.42432196
0.42667024
0.42549528999999997
0.41847961000000006
0.41692849000000004
0.41667024999999996
0.41254928999999996
0.42224004000000004
0.42784681
0.4273236899999999
0.42445225
0.42458255999999994
0.42120100000000005
0.43033600000000005
0.43507215999999993
0.43178041
0.42693156
0.41512248999999996
0.40857664
0.40896024999999997
0.41113743999999997
0.41718681
0.41912676
0.42445225
0.43164900000000006
0.42549528999999997
0.43125488999999995
0.42289009
0.42445225
0.41692849000000004
0.42302016
0.42968025
0.42224004000000004
0.41744521
0.42536484
0.42536484
0.41589601000000004
0.41563809000000007
0.40589641
0.403225
0.39601848999999995
0.39601848999999995
0.39413284000000004
0.39100008999999997
0.38601368999999996
0.380689
0.37982568999999994
0.37405456000000004
0.37491128999999995
0.37933281
0.38056561
0.37638225000000003
0.38093583999999997
0.383161
0.38651089000000005
0.39212643999999997
0.39652209000000005
0.39992975999999997
0.40157569000000004
0.40119555999999995
0.40132224999999994
0.39841343999999995
0.3887522500000001
0.3886275599999999
0.38987535999999995
0.393129
0.39050001
0.39664804000000004
0.39879224999999996
0.39513796000000007
0.39037504
0.40208281
0.403225
0.40284409000000004
0.40806544000000006
0.40157569000000004
0.4065337599999999
0.4052595600000001
0.41576704000000003
0.42328035999999997
0.42250000000000004
0.41267775999999995
0.41434969000000005
0.40602383999999997
0.40934404
0.41357761
0.41628304
0.41409224999999994
0.40896024999999997
0.39677401
0.39929761
0.39614436
0.39803481
0.41267775999999995
0.42315024999999995
0.4234104899999999
0.42850115999999994
0.4258867599999999
0.4096
0.41011215999999995
0.4079376900000001
0.41242084
0.42419169
0.42771600000000004
0.43388568999999994
0.43441281000000004
0.44609041000000005
0.4501068100000001
0.45050944000000004
0.4498384899999999
0.45091224999999996
0.44462223999999995
0.44435556
0.43996689
0.43507215999999993
0.4313862400000001
0.42250000000000004
0.41822089000000007
0.41049649000000005
0.41113743999999997
0.41654115999999997
0.4196448400000001
0.42954916
0.42380100000000004
0.42159049
0.42302016
0.42693156
0.42968025
0.43797924000000005
0.44662489
0.46158436
0.45941283999999993
0.45832900000000004
0.45198729
0.44023225
0.42653961
0.42068195999999997
0.42640900000000004
0.42994248999999995
0.43164900000000006
0.42523441
0.43151761000000005
0.4258867599999999
0.42680089
0.41628304
0.42237001
0.43507215999999993
0.43046721000000004
0.43322724
0.43309561
0.42562575999999996
0.41796225
0.41679935999999995
0.4079376900000001
0.41075281
0.40972801
0.417316
0.42758521000000005
0.41899728999999997
0.41100921
0.42445225
0.42107121000000003
0.42224004000000004
0.42510400000000004
0.4196448400000001
0.41062464000000004
0.41024025
0.41165055999999994
0.41396355999999995
0.4180915599999999
0.42289009
0.42562575999999996
0.43573201
0.44102881000000005
0.44209201000000004
0.44382244000000004
0.44102881000000005
0.4419590399999999
0.45684080999999993
0.44782864
0.43467648999999997
0.43983424000000004
0.43612816
0.42784681
0.42941809
0.42107121000000003
0.42224004000000004
0.413449
0.42120100000000005
0.42003361
0.42081169000000007
0.42406144
0.42549528999999997
0.42954916
0.43414921000000006
0.42784681
0.42784681
0.42107121000000003
0.42250000000000004
0.41925624999999994
0.418609
0.42003361
0.42562575999999996
0.42328035999999997
0.41718681
0.41383488999999996
0.40985604
0.4078099599999999
0.40551424
0.408321
0.41139395999999995
0.40640624999999997
0.41100921
0.39904489000000004
0.3901251600000001
0.39614436
0.40309801
0.39803481
0.4051322499999999
0.39879224999999996
0.38340863999999997
0.38825360999999997
0.39702601
0.3989185600000001
0.398161
0.39929761
0.39488655999999994
0.40208281
0.40436881
0.40246335999999994
0.39589263999999996
0.39212643999999997
0.39841343999999995
0.41126568999999996
0.41589601000000004
0.42445225
0.41783296
0.42680089
0.42432196
0.413449
0.42328035999999997
0.42771600000000004
0.42758521000000005
0.42185025
0.42133081
0.43112355999999996
0.42458255999999994
0.41744521
0.41447844000000006
0.418609
0.418609
0.42094144000000006
0.43072969
0.4340174400000001
0.42850115999999994
0.42810849
0.42172035999999996
0.41654115999999997
0.42159049
0.40844881
0.40768224999999997
0.41293475999999996
0.41576704000000003
0.42159049
0.41512248999999996
0.41886784
0.4234104899999999
0.41783296
0.41886784
0.41576704000000003
0.41847961000000006
0.41499364
0.42263001
0.42042255999999995
0.41757444
0.41293475999999996
0.41460721000000006
0.417316
0.4130632900000001
0.41538024999999995
0.40742689
0.41654115999999997
0.41486481000000003
0.41203561000000005
0.40627875999999996
0.41036835999999993
0.40436881
0.40538689000000006
0.40056241000000004
0.39400729000000007
0.39275289
0.388129
0.39225169
0.3938817600000001
0.39929761
0.40883235999999995
0.41538024999999995
0.4115222499999999
0.40998408999999997
0.39929761
0.39601848999999995
0.39087503999999995
0.3901251600000001
0.39702601
0.39841343999999995
0.40347904
0.39740415999999995
0.40246335999999994
0.4065337599999999
0.399424
0.39992975999999997
0.40030929000000004
0.40717161
0.40691641
0.403225
0.41024025
0.41319184000000003
0.4235406400000001
0.42797764
0.42837024999999995
0.42562575999999996
0.41216400000000003
0.41499364
0.41203561000000005
0.40411449000000005
0.40373316
0.4065337599999999
0.41293475999999996
0.40857664
0.41718681
0.41615401
0.4196448400000001
0.42016324
0.41667024999999996
0.42224004000000004
0.41744521
0.41229241
0.40678884000000004
0.40691641
0.40678884000000004
0.39917124000000004
0.39727809
0.38987535999999995
0.39137536000000006
0.39488655999999994
0.3975302499999999
0.40487768999999996
0.39601848999999995
0.39488655999999994
0.39765636000000004
0.39075001
0.39778249000000004
0.40487768999999996
0.40640624999999997
0.40640624999999997
0.39740415999999995
0.40220964
0.40246335999999994
0.39262756000000004
0.3886275599999999
0.38725729
0.38415204000000003
0.38638656000000005
0.38601368999999996
0.38601368999999996
0.400689
0.3989185600000001
0.40373316
0.41835024000000004
0.41576704000000003
0.41538024999999995
0.41512248999999996
0.40678884000000004
0.40985604
0.41049649000000005
0.41062464000000004
0.40883235999999995
0.41113743999999997
0.41075281
0.4096
0.41100921
0.41757444
0.41525135999999996
0.41139395999999995
0.41563809000000007
0.41280624999999993
0.4196448400000001
0.42380100000000004
0.4065337599999999
0.40309801
0.39275289
0.39476089
0.39300361
0.3901251600000001
0.38675961000000003
0.39087503999999995
0.385641
0.39137536000000006
0.39075001
0.39175081
0.40360609
0.39075001
0.403225
0.4039873600000001
0.40742689
0.40729924
0.41126568999999996
0.4038602499999999
0.40947201000000005
0.40844881
0.40921609000000003
0.40717161
0.40934404
0.41550915999999993
0.42016324
0.40462321
0.42289009
0.419904
0.42393121
0.42614784000000006
0.41679935999999995
0.41641208999999996
0.42406144
0.42146064
0.42302016
0.42042255999999995
0.41628304
0.42276004
0.42850115999999994
0.43112355999999996
0.43309561
0.43864129
0.43362225
0.43112355999999996
0.4258867599999999
0.43125488999999995
0.42133081
0.41203561000000005
0.40819321000000003
0.4195152900000001
0.41062464000000004
0.41165055999999994
0.4052595600000001
0.39702601
0.4051322499999999
0.40284409000000004
0.40500495999999997
0.403225
0.4079376900000001
0.41216400000000003
0.41075281
0.41460721000000006
0.41744521
0.41679935999999995
0.41847961000000006
0.39879224999999996
0.3862622500000001
0.39037504
0.38601368999999996
0.385641
0.3937562499999999
0.38551681
0.38539264
0.38750625000000005
0.38452400999999997
0.3938817600000001
0.39450961
0.39790864000000004
0.39325441
0.39488655999999994
0.38912644
0.38850288999999993
0.3836563599999999
0.38328481
0.38452400999999997
0.383161
0.38044224000000004
0.374544
0.38167684
0.38056561
0.38056561
0.38452400999999997
0.38725729
0.39614436
0.39980329
0.40157569000000004
0.40589641
0.40170244000000005
0.40729924
0.40947201000000005
0.398161
0.40119555999999995
0.39300361
0.3912502499999999
0.39212643999999997
0.39000025000000005
0.39075001
0.38962564
0.39601848999999995
0.39740415999999995
0.39262756000000004
0.39879224999999996
0.40627875999999996
0.4115222499999999
0.41679935999999995
0.41667024999999996
0.42523441
0.44116164
0.43692100000000006
0.43586404
0.42784681
0.42055224999999996
0.41267775999999995
0.4039873600000001
0.41383488999999996
0.41550915999999993
0.41667024999999996
0.41822089000000007
0.418609
0.42536484
0.42224004000000004
0.42016324
0.42653961
0.42810849
0.43059844
0.42536484
0.43178041
0.43362225
0.4235406400000001
0.42224004000000004
0.41229241
0.41242084
0.41036835999999993
0.41139395999999995
0.42328035999999997
0.42850115999999994
0.42276004
0.40947201000000005
0.41190724000000006
0.41165055999999994
0.405769
0.4130632900000001
0.40284409000000004
0.39450961
0.39413284000000004
0.38651089000000005
0.39476089
0.38502025000000006
0.38007225000000006
0.37847104
0.38241855999999996
0.39325441
0.38725729
0.38887696000000005
0.40030929000000004
0.4027171600000001
0.39778249000000004
0.39050001
0.39526369000000006
0.40335201
0.4196448400000001
0.42458255999999994
0.42758521000000005
0.42172035999999996
0.41783296
0.410881
0.40768224999999997
0.40742689
0.39488655999999994
0.39576680999999997
0.39363075999999997
0.39576680999999997
0.39175081
0.39262756000000004
0.39601848999999995
0.3876307600000001
0.39137536000000006
0.39803481
0.39150049000000003
0.38378025000000004
0.38340863999999997
0.38081241
0.38118275999999995
0.38241855999999996
0.38975048999999995
0.38912644
0.39225169
0.39551521
0.39690000000000003
0.39200121
0.39275289
0.39614436
0.40106888999999996
0.40030929000000004
0.3862622500000001
0.38241855999999996
0.38489615999999993
0.38502025000000006
0.38787984000000003
0.38489615999999993
0.38663524000000005
0.38900169000000007
0.379456
0.38056561
0.38291344
0.389376
0.378225
0.37039396
0.36905625000000003
0.37442161
0.38142976000000006
0.38155329000000004
0.38241855999999996
0.39025009000000005
0.39275289
0.40195600000000004
0.39463524
0.39778249000000004
0.40081561
0.40132224999999994
0.39538944000000004
0.39727809
0.39828721
0.40132224999999994
0.40347904
0.40220964
0.41139395999999995
0.42380100000000004
0.41409224999999994
0.41525135999999996
0.41203561000000005
0.40742689
0.3975302499999999
0.39715204
0.3912502499999999
0.39425841
0.39879224999999996
0.39879224999999996
0.40030929000000004
0.37527876000000004
0.37601423999999994
0.37761025000000004
0.37405456000000004
0.38464803999999997
0.37564641
0.37222201
0.3751562500000001
0.36348841
0.36084049
0.36072036
0.36614600999999997
0.36857040999999996
0.364816
0.36324729
0.36469521
0.36954241
0.37810201
0.37429924000000003
0.37933281
0.38007225000000006
0.37896336
0.36554116000000003
0.36796356
0.36048016000000005
0.35676729000000007
0.35438209000000004
0.35366809
0.35247969
0.36409156000000004
0.35557369000000005
0.35976004
0.36844899999999997
0.36881328999999996
0.36132120999999995
0.37124648999999993
0.36638808999999994
0.36590401
0.36372961
0.35700625
0.35224225000000003
0.34175716
0.34047225000000003
0.34892649
0.34199103999999997
0.35153040999999996
0.35129329
0.352836
0.3554544399999999
0.3701505600000001
0.37527876000000004
0.38353248999999995
0.38825360999999997
0.39075001
0.39715204
0.39463524
0.4001827600000001
0.4038602499999999
0.40424164
0.40411449000000005
0.39917124000000004
0.40411449000000005
0.41899728999999997
0.42263001
0.41925624999999994
0.42745444000000005
0.41641208999999996
0.42667024
0.41835024000000004
0.41139395999999995
0.4090881599999999
0.40691641
0.40170244000000005
0.40106888999999996
0.40043584000000004
0.39690000000000003
0.40309801
0.408321
0.40335201
0.39841343999999995
0.41113743999999997
0.40768224999999997
0.38390416000000005
0.38427601
0.391876
0.38402809000000004
0.383161
0.38390416000000005
0.39200121
0.393129
0.39087503999999995
0.3887522500000001
0.38925121
0.39037504
0.39112515999999997
0.3938817600000001
0.39614436
0.40411449000000005
0.40081561
0.4115222499999999
0.40844881
0.41242084
0.40947201000000005
0.41139395999999995
0.41293475999999996
0.405769
0.41654115999999997
0.42224004000000004
0.42771600000000004
0.42889401000000005
0.42758521000000005
0.42653961
0.41757444
0.42120100000000005
0.42185025
0.42458255999999994
0.4258867599999999
0.42510400000000004
0.42614784000000006
0.42745444000000005
0.42107121000000003
0.42380100000000004
0.42068195999999997
0.41822089000000007
0.42497361000000006
0.40972801
0.405769
0.39790864000000004
0.39212643999999997
0.39337984
0.38651089000000005
0.39200121
0.38887696000000005
0.39237695999999994
0.39200121
0.38787984000000003
0.38390416000000005
0.3751562500000001
0.374544
0.37552384
0.38229488999999994
0.388129
0.38340863999999997
0.38539264
0.39025009000000005
0.39175081
0.38775529000000003
0.38588944
0.3886275599999999
0.38787984000000003
0.39175081
0.39400729000000007
0.39025009000000005
0.38019556000000004
0.3825422500000001
0.39100008999999997
0.38787984000000003
0.38427601
0.37429924000000003
0.38007225000000006
0.38180041
0.376996
0.3862622500000001
0.37847104
0.38241855999999996
0.38340863999999997
0.3721
0.36542025000000006
0.35940025000000003
0.35892081
0.34715663999999996
0.35034561
0.35581225000000005
0.36857040999999996
0.36905625000000003
0.37075921
0.37687321
0.380689
0.39262756000000004
0.391876
0.38837824
0.39037504
0.39488655999999994
0.4001827600000001
0.405769
0.41075281
0.4195152900000001
0.41977441000000004
0.41280624999999993
0.42237001
0.42667024
0.43020481000000005
0.43599609
0.43970161
0.43086095999999996
0.44116164
0.44129449
0.43414921000000006
0.42562575999999996
0.43243775999999995
0.43164900000000006
0.44049768999999994
0.44076321000000007
0.43652448999999993
0.43520408999999993
0.43612816
0.42968025
0.44209201000000004
0.4366566400000001
0.42850115999999994
0.42653961
0.43731769
0.43560000000000004
0.42211009000000005
0.42941809
0.42263001
0.42302016
0.42458255999999994
0.42549528999999997
0.41744521
0.42328035999999997
0.41628304
0.41434969000000005
0.41190724000000006
0.4014489600000001
0.39841343999999995
0.40411449000000005
0.41139395999999995
0.41654115999999997
0.41550915999999993
0.42419169
0.42484324000000007
0.41280624999999993
0.4142209599999999
0.40195600000000004
0.41229241
0.418609
0.41267775999999995
0.41332041
0.405769
0.40043584000000004
0.40081561
0.40627875999999996
0.40717161
0.41216400000000003
0.40998408999999997
0.41512248999999996
0.41796225
0.42250000000000004
0.42614784000000006
0.43164900000000006
0.43983424000000004
0.44076321000000007
0.44435556
0.44609041000000005
0.44635761
0.44275716
0.44076321000000007
0.43877376
0.432964
0.43599609
0.4313862400000001
0.42653961
0.42263001
0.42393121
0.42981136
0.4300736400000001
0.4273236899999999
0.43414921000000006
0.43230624999999995
0.43758224999999995
0.43837641000000005
0.42471288999999995
0.42302016
0.42902500000000005
0.42484324000000007
0.43217476
0.42432196
0.4195152900000001
0.41538024999999995
0.41628304
0.41718681
0.41177889000000006
0.41628304
0.4142209599999999
0.41886784
0.41576704000000003
0.40551424
0.39690000000000003
0.39363075999999997
0.39917124000000004
0.39513796000000007
0.38750625000000005
0.38950081
0.38613795999999995
0.39000025000000005
0.38651089000000005
0.3901251600000001
0.388129
0.39765636000000004
0.39765636000000004
0.39828721
0.40462321
0.40132224999999994
0.40424164
0.39463524
0.39538944000000004
0.40106888999999996
0.40921609000000003
0.41447844000000006
0.42640900000000004
0.43731769
0.4367888100000001
0.43771456
0.43930383999999995
0.44009956
0.43718544000000004
0.43086095999999996
0.43586404
0.4327008400000001
0.42693156
0.43164900000000006
0.43467648999999997
0.43072969
0.43072969
0.43335889
0.43639236
0.44169316
0.44289025
0.44809635999999997
0.43917128999999994
0.43996689
0.43890625
0.43349055999999997
0.42941809
0.44342281000000006
0.4313862400000001
0.4195152900000001
0.42146064
0.42315024999999995
0.42276004
0.42627841000000005
0.42653961
0.42445225
0.42003361
0.40857664
0.41641208999999996
0.41447844000000006
0.41100921
0.41113743999999997
0.4052595600000001
0.4079376900000001
0.40475044
0.40411449000000005
0.41267775999999995
0.41563809000000007
0.41499364
0.40985604
0.41409224999999994
0.41177889000000006
0.40309801
0.40640624999999997
0.40297104000000006
0.40819321000000003
0.41075281
0.4115222499999999
0.40934404
0.40666129000000006
0.40857664
0.41267775999999995
0.41190724000000006
0.41139395999999995
0.4079376900000001
0.39967684
0.39980329
0.39992975999999997
0.38950081
0.38725729
0.3937562499999999
0.39627024999999994
0.3825422500000001
0.38576520999999997
0.39325441
0.39778249000000004
0.40220964
0.40487768999999996
0.4038602499999999
0.41139395999999995
0.40934404
0.41357761
0.41525135999999996
0.413449
0.4001827600000001
0.4052595600000001
0.40500495999999997
0.41679935999999995
0.41396355999999995
0.40806544000000006
0.41203561000000005
0.42289009
0.42640900000000004
0.41589601000000004
0.41024025
0.40678884000000004
0.39601848999999995
0.39765636000000004
0.40309801
0.4142209599999999
0.405769
0.39627024999999994
0.39501224999999995
0.38950081
0.38007225000000006
0.39037504
0.38651089000000005
0.39413284000000004
0.38775529000000003
0.38390416000000005
0.38142976000000006
0.38452400999999997
0.38925121
0.38489615999999993
0.39400729000000007
0.400689
0.40666129000000006
0.41938575999999994
0.41011215999999995
0.4115222499999999
0.41654115999999997
0.41177889000000006
0.41538024999999995
0.41938575999999994
0.41641208999999996
0.42850115999999994
0.432964
0.44502241000000003
0.4406304399999999
0.43639236
0.43639236
0.43797924000000005
0.43086095999999996
0.42432196
0.40857664
0.40768224999999997
0.40870449
0.41667024999999996
0.42536484
0.41550915999999993
0.41512248999999996
0.42094144000000006
0.42146064
0.41886784
0.42003361
0.41641208999999996
0.41267775999999995
0.4090881599999999
0.40360609
0.40043584000000004
0.40106888999999996
0.39325441
0.39715204
0.39727809
0.39715204
0.40132224999999994
0.407044
0.40208281
0.40297104000000006
0.398161
0.39614436
0.39652209000000005
0.39853968999999995
0.40005624999999995
0.40500495999999997
0.41357761
0.40666129000000006
0.40246335999999994
0.41267775999999995
0.42068195999999997
0.40678884000000004
0.40182921000000005
0.39828721
0.39866595999999993
0.395641
0.41011215999999995
0.40170244000000005
0.40043584000000004
0.39853968999999995
0.40132224999999994
0.40602383999999997
0.4038602499999999
0.40487768999999996
0.398161
0.386884
0.38725729
0.39250224999999994
0.39237695999999994
0.39917124000000004
0.38105928999999994
0.37613688999999995
0.37761025000000004
0.38093583999999997
0.38651089000000005
0.39212643999999997
0.39087503999999995
0.39967684
0.405769
0.40170244000000005
0.39841343999999995
0.39740415999999995
0.39690000000000003
0.405769
0.41938575999999994
0.41512248999999996
0.418609
0.42133081
0.42380100000000004
0.41783296
0.41409224999999994
0.40985604
0.40284409000000004
0.407044
0.4079376900000001
0.40717161
0.40195600000000004
0.39765636000000004
0.39589263999999996
0.39627024999999994
0.39463524
0.40309801
0.39501224999999995
0.4078099599999999
0.40475044
0.38900169000000007
0.39287824000000005
0.38725729
0.38241855999999996
0.37896336
0.37368768999999996
0.37748735999999994
0.37589161
0.38167684
0.38526849
0.39677401
0.39551521
0.38987535999999995
0.39363075999999997
0.39287824000000005
0.38638656000000005
0.38850288999999993
0.3912502499999999
0.383161
0.38800441
0.38713284
0.38775529000000003
0.38962564
0.39075001
0.39955040999999997
0.4078099599999999
0.40233649
0.40475044
0.40094224
0.3937562499999999
0.40157569000000004
0.40335201
0.39250224999999994
0.39727809
0.39853968999999995
0.39237695999999994
0.38390416000000005
0.3901251600000001
0.38130625000000007
0.37908649000000005
0.39501224999999995
0.39300361
0.38837824
0.39425841
0.40883235999999995
0.40220964
0.41049649000000005
0.41216400000000003
0.40883235999999995
0.40883235999999995
0.41654115999999997
0.41100921
0.40896024999999997
0.42367081000000006
0.42797764
0.42575624999999995
0.42562575999999996
0.42445225
0.42523441
0.42653961
0.43599609
0.42302016
0.41538024999999995
0.42367081000000006
0.42107121000000003
0.4300736400000001
0.42627841000000005
0.42994248999999995
0.44209201000000004
0.45050944000000004
0.44715968999999994
0.45333289
0.45400643999999996
0.44876601000000005
0.44408896
0.43996689
0.44488900000000003
0.44036495999999997
0.43059844
0.42693156
0.4286320899999999
0.43191184
0.43480836
0.44076321000000007
0.43718544000000004
0.42981136
0.42810849
0.43020481000000005
0.42419169
0.42367081000000006
0.42393121
0.42419169
0.42941809
0.43151761000000005
0.43560000000000004
0.42068195999999997
0.41899728999999997
0.41126568999999996
0.41126568999999996
0.41409224999999994
0.40424164
0.39955040999999997
0.3989185600000001
0.40208281
0.41280624999999993
0.41011215999999995
0.40538689000000006
0.40717161
0.40347904
0.403225
0.39100008999999997
0.39275289
0.404496
0.40195600000000004
0.40551424
0.40627875999999996
0.41615401
0.42107121000000003
0.41409224999999994
0.41396355999999995
0.41847961000000006
0.4130632900000001
0.41899728999999997
0.41242084
0.41036835999999993
0.404496
0.40233649
0.40132224999999994
0.39100008999999997
0.39614436
0.4027171600000001
0.39853968999999995
0.40005624999999995
0.4027171600000001
0.39363075999999997
0.3901251600000001
0.38477208999999996
0.386884
0.38303721
0.37417689000000004
0.3751562500000001
0.37957921
0.38217123999999997
0.38825360999999997
0.39150049000000003
0.394384
0.407044
0.41190724000000006
0.40678884000000004
0.41370624
0.42068195999999997
0.41357761
0.40627875999999996
0.40043584000000004
0.4065337599999999
0.39513796000000007
0.40373316
0.41242084
0.41293475999999996
0.40755455999999995
0.40666129000000006
0.407044
0.400689
0.39576680999999997
0.39463524
0.40998408999999997
0.41770368999999996
0.41177889000000006
0.41139395999999995
0.41499364
0.42185025
0.42575624999999995
0.42719295999999995
0.42523441
0.41886784
0.41886784
0.41036835999999993
0.404496
0.400689
0.40233649
0.4039873600000001
0.41177889000000006
0.4235406400000001
0.42523441
0.42367081000000006
0.42406144
0.42172035999999996
0.41770368999999996
0.41615401
0.41165055999999994
0.4051322499999999
0.41049649000000005
0.42081169000000007
0.41563809000000007
0.4130632900000001
0.40896024999999997
0.41796225
0.4142209599999999
0.41692849000000004
0.4180915599999999
0.40462321
0.40043584000000004
0.39664804000000004
0.39425841
0.3886275599999999
0.39325441
0.39551521
0.395641
0.39664804000000004
0.40233649
0.38950081
0.3851443600000001
0.38291344
0.39100008999999997
0.38217123999999997
0.38663524000000005
0.38217123999999997
0.39175081
0.39025009000000005
0.38303721
0.37748735999999994
0.37748735999999994
0.38229488999999994
0.39087503999999995
0.39727809
0.3975302499999999
0.40094224
0.40182921000000005
0.40411449000000005
0.41589601000000004
0.42172035999999996
0.43204328999999997
0.43428100000000003
0.44102881000000005
0.44395569
0.44622400000000007
0.43599609
0.43652448999999993
0.44609041000000005
0.45050944000000004
0.44542276
0.45981961000000005
0.46294416
0.45900625
0.45914175999999995
0.45360225
0.46063369
0.47100769000000003
0.46416969
0.45873529
0.44515584
0.44836415999999996
0.44622400000000007
0.44863203999999995
0.4527944100000001
0.45589504000000003
0.46335248999999995
0.4637610000000001
0.47251876000000004
0.47348161000000005
0.47087044000000006
0.46881408999999996
0.46689889
0.45995524000000004
0.45859984000000004
0.46267204000000006
0.45859984000000004
0.46416969
0.46730896
0.46267204000000006
0.45050944000000004
0.45832900000000004
0.46621583999999994
0.47032163999999993
0.47320640999999997
0.47265625
0.48135843999999994
0.47872560999999997
0.47596200999999994
0.47983328999999997
0.48553023999999995
0.48525155999999997
0.48080356
0.47251876000000004
0.46389721000000006
0.46812964000000007
0.45212176
0.44222500000000003
0.43797924000000005
0.43586404
0.43917128999999994
0.43639236
0.43086095999999996
0.42876304000000004
0.42328035999999997
0.43099224999999997
0.43599609
0.4367888100000001
0.43033600000000005
0.42837024999999995
0.42601728999999994
0.42627841000000005
0.43612816
0.42771600000000004
0.42575624999999995
0.42889401000000005
0.43811161000000004
0.43480836
0.44289025
0.43996689
0.43864129
0.43705321
0.43151761000000005
0.43930383999999995
0.44863203999999995
0.45077796
0.44756100000000004
0.45185284000000003
0.43560000000000004
0.43718544000000004
0.43033600000000005
0.43956900000000004
0.44156025
0.43837641000000005
0.44302336
0.44275716
0.44970435999999997
0.44957025
0.44528929
0.45118088999999995
0.45508516
0.46158436
0.45765225
0.45995524000000004
0.46185615999999996
0.4529290000000001
0.46485123999999994
0.46867716
0.47430768999999995
0.46854025
0.47789569000000004
0.47416996
0.47004735999999997
0.46908800999999994
0.46471488999999994
0.47059600000000007
0.45968400000000004
0.45508516
0.45064369
0.45751696000000003
0.45805823999999995
0.46335248999999995
0.46036225
0.4607694399999999
0.4529290000000001
0.45037521
0.45118088999999995
0.44916804000000005
0.4489000000000001
0.4489000000000001
0.44102881000000005
0.4458232899999999
0.43943641000000006
0.44102881000000005
0.43480836
0.42915601000000003
0.42928704
0.4234104899999999
0.41576704000000003
0.4195152900000001
0.42380100000000004
0.42758521000000005
0.42941809
0.42120100000000005
0.4286320899999999
0.43970161
0.42745444000000005
0.43586404
0.44036495999999997
0.44182608999999995
0.43546801000000007
0.43639236
0.42915601000000003
0.42614784000000006
0.40844881
0.42172035999999996
0.41796225
0.413449
0.41692849000000004
0.41679935999999995
0.43256928999999994
0.43046721000000004
0.4367888100000001
0.42536484
0.42107121000000003
0.42068195999999997
0.41977441000000004
0.41177889000000006
0.41113743999999997
0.4001827600000001
0.39904489000000004
0.39413284000000004
0.40005624999999995
0.40691641
0.41667024999999996
0.41899728999999997
0.41718681
0.41654115999999997
0.41190724000000006
0.41254928999999996
0.41447844000000006
0.42003361
0.41873841
0.42068195999999997
0.43112355999999996
0.43256928999999994
0.42837024999999995
0.42198015999999994
0.42029289
0.4286320899999999
0.42797764
0.43414921000000006
0.43283241000000006
0.42055224999999996
0.41770368999999996
0.41011215999999995
0.40870449
0.41641208999999996
0.41177889000000006
0.40844881
0.40921609000000003
0.40157569000000004
0.39137536000000006
0.39363075999999997
0.3975302499999999
0.39740415999999995
0.40373316
0.407044
0.403225
0.39740415999999995
0.38651089000000005
0.38987535999999995
0.38613795999999995
0.39325441
0.385641
0.39980329
0.40538689000000006
0.400689
0.39112515999999997
0.39501224999999995
0.40220964
0.40691641
0.40500495999999997
0.4065337599999999
0.413449
0.41190724000000006
0.41692849000000004
0.41486481000000003
0.410881
0.41165055999999994
0.42081169000000007
0.42016324
0.41718681
0.42276004
0.43243775999999995
0.42823935999999996
0.42211009000000005
0.413449
0.41615401
0.41550915999999993
0.40998408999999997
0.40564161000000004
0.40972801
0.404496
0.4115222499999999
0.39967684
0.39715204
0.3989185600000001
0.39300361
0.3938817600000001
0.39037504
0.39652209000000005
0.3989185600000001
0.40132224999999994
0.39225169
0.39337984
0.3844
0.38551681
0.39476089
0.39488655999999994
0.390625
0.39200121
0.39287824000000005
0.40030929000000004
0.40157569000000004
0.40309801
0.40220964
0.40475044
0.40870449
0.41602500000000003
0.40424164
0.4079376900000001
0.40985604
0.41293475999999996
0.41499364
0.42471288999999995
0.42068195999999997
0.42107121000000003
0.41576704000000003
0.41744521
0.40896024999999997
0.41473600000000005
0.4078099599999999
0.39980329
0.40742689
0.39463524
0.39702601
0.39200121
0.39150049000000003
0.38291344
0.37675044
0.38044224000000004
0.38217123999999997
0.38130625000000007
0.38278969
0.40081561
0.40208281
0.40627875999999996
0.4027171600000001
0.41538024999999995
0.42029289
0.42458255999999994
0.41667024999999996
0.41139395999999995
0.40883235999999995
0.4195152900000001
0.42211009000000005
0.41293475999999996
0.42237001
0.42994248999999995
0.42719295999999995
0.41835024000000004
0.41512248999999996
0.4130632900000001
0.42393121
0.43072969
0.43033600000000005
0.42289009
0.418609
0.42380100000000004
0.42029289
0.42458255999999994
0.42029289
0.42406144
0.41822089000000007
0.40640624999999997
0.4051322499999999
0.4038602499999999
0.40170244000000005
0.40297104000000006
0.40615129
0.40564161000000004
0.40717161
0.40870449
0.41049649000000005
0.39992975999999997
0.41049649000000005
0.40475044
0.40844881
0.4196448400000001
0.42902500000000005
0.43151761000000005
0.43507215999999993
0.44796249
0.45468049
0.43956900000000004
0.43335889
0.41615401
0.41011215999999995
0.40132224999999994
0.4065337599999999
0.41267775999999995
0.408321
0.40094224
0.39702601
0.38925121
0.39037504
0.38340863999999997
0.38800441
0.38415204000000003
0.39350528999999995
0.38950081
0.39589263999999996
0.39287824000000005
0.40411449000000005
0.400689
0.40475044
0.41242084
0.41473600000000005
0.41447844000000006
0.418609
0.41293475999999996
0.4234104899999999
0.40947201000000005
0.408321
0.41538024999999995
0.4052595600000001
0.405769
0.40870449
0.40729924
0.40475044
0.40500495999999997
0.41447844000000006
0.42159049
0.42237001
0.42758521000000005
0.42328035999999997
0.42328035999999997
0.42549528999999997
0.4196448400000001
0.41822089000000007
0.41912676
0.41512248999999996
0.40985604
0.41024025
0.40666129000000006
0.39866595999999993
0.38887696000000005
0.38975048999999995
0.39664804000000004
0.39287824000000005
0.39087503999999995
0.39262756000000004
0.38850288999999993
0.38887696000000005
0.38291344
0.37982568999999994
0.38850288999999993
0.40297104000000006
0.40081561
0.41615401
0.41822089000000007
0.42667024
0.42250000000000004
0.42094144000000006
0.41370624
0.40844881
0.404496
0.40170244000000005
0.39992975999999997
0.39551521
0.38328481
0.38962564
0.37466640999999995
0.37650496000000006
0.37491128999999995
0.37307664
0.37442161
0.37075921
0.38427601
0.39400729000000007
0.38427601
0.389376
0.38925121
0.39087503999999995
0.38118275999999995
0.38601368999999996
0.393129
0.39841343999999995
0.39413284000000004
0.39715204
0.39639616000000005
0.38477208999999996
0.38588944
0.38229488999999994
0.38340863999999997
0.38427601
0.37773316000000007
0.38328481
0.39325441
0.39250224999999994
0.388129
0.3938817600000001
0.38962564
0.3851443600000001
0.38452400999999997
0.38551681
0.39150049000000003
0.38291344
0.390625
0.38588944
0.39325441
0.39589263999999996
0.39175081
0.389376
0.3876307600000001
0.39150049000000003
0.39050001
0.39350528999999995
0.39363075999999997
0.39162564000000005
0.39112515999999997
0.39363075999999997
0.38950081
0.39137536000000006
0.39175081
0.3901251600000001
0.38787984000000003
0.381924
0.37638225000000003
0.37368768999999996
0.37100280999999996
0.37063744
0.36978561
0.36735721
0.36772096000000004
0.36348841
0.36
0.37736448999999994
0.38007225000000006
0.37613688999999995
0.37234403999999993
0.37810201
0.37222201
0.37197800999999997
0.36711481
0.3714902500000001
0.37613688999999995
0.37970244
0.37761025000000004
0.38700840999999997
0.38962564
0.38651089000000005
0.39363075999999997
0.39275289
0.38651089000000005
0.38328481
0.381924
0.3844
0.38588944
0.38837824
0.39778249000000004
0.40729924
0.40284409000000004
0.40589641
0.4051322499999999
0.399424
0.39450961
0.39929761
0.388129
0.39450961
0.39677401
0.39450961
0.39614436
0.39425841
0.39100008999999997
0.38551681
0.38105928999999994
0.37380996000000005
0.37380996000000005
0.38539264
0.378225
0.37724163999999993
0.37295449
0.37417689000000004
0.3721
0.37933281
0.38266596
0.3825422500000001
0.3862622500000001
0.37417689000000004
0.37736448999999994
0.3721
0.36132120999999995
0.36144143999999995
0.3651784899999999
0.36204289
0.35832196000000005
0.35664783999999994
0.36060025000000007
0.36747843999999996
0.37173409
0.37834800999999996
0.38291344
0.38390416000000005
0.38093583999999997
0.38464803999999997
0.39551521
0.39526369000000006
0.389376
0.394384
0.39200121
0.40883235999999995
0.41705764000000006
0.40819321000000003
0.40602383999999997
0.40538689000000006
0.39262756000000004
0.39162564000000005
0.39601848999999995
0.38613795999999995
0.37982568999999994
0.376996
0.39025009000000005
0.3901251600000001
0.38738175999999996
0.38303721
0.38464803999999997
0.39050001
0.39337984
0.39715204
0.38750625000000005
0.38464803999999997
0.39050001
0.40246335999999994
0.39803481
0.40615129
0.40806544000000006
0.40157569000000004
0.40870449
0.40883235999999995
0.40998408999999997
0.41254928999999996
0.41641208999999996
0.42042255999999995
0.41705764000000006
0.41615401
0.404496
0.41216400000000003
0.41242084
0.40691641
0.40182921000000005
0.4065337599999999
0.41113743999999997
0.41679935999999995
0.419904
0.42719295999999995
0.42797764
0.42042255999999995
0.41847961000000006
0.42055224999999996
0.41525135999999996
0.41770368999999996
0.42029289
0.4195152900000001
0.41847961000000006
0.41692849000000004
0.41267775999999995
0.4130632900000001
0.40768224999999997
0.41692849000000004
0.40589641
0.41434969000000005
0.4130632900000001
0.41049649000000005
0.4142209599999999
0.40717161
0.42198015999999994
0.41126568999999996
0.4195152900000001
0.41332041
0.403225
0.3989185600000001
0.3938817600000001
0.3937562499999999
0.404496
0.39879224999999996
0.40678884000000004
0.40640624999999997
0.42068195999999997
0.41977441000000004
0.4258867599999999
0.4235406400000001
0.41486481000000003
0.41177889000000006
0.41447844000000006
0.410881
0.40360609
0.40883235999999995
0.41512248999999996
0.407044
0.40870449
0.40640624999999997
0.4001827600000001
0.4115222499999999
0.41216400000000003
0.41293475999999996
0.41576704000000003
0.41938575999999994
0.42810849
0.42928704
0.43335889
0.43771456
0.43546801000000007
0.43243775999999995
0.44488900000000003
0.44422225
0.44355600000000006
0.44102881000000005
0.4366566400000001
0.43850884
0.44102881000000005
0.43494025
0.43573201
0.4353360400000001
0.43586404
0.42994248999999995
0.4258867599999999
0.43467648999999997
0.43020481000000005
0.42902500000000005
0.4273236899999999
0.41912676
0.41589601000000004
0.41139395999999995
0.41062464000000004
0.41667024999999996
0.40934404
0.40157569000000004
0.403225
0.39929761
0.39841343999999995
0.39853968999999995
0.38837824
0.39175081
0.38775529000000003
0.39337984
0.39363075999999997
0.40005624999999995
0.390625
0.37994895999999995
0.3851443600000001
0.38738175999999996
0.39501224999999995
0.39790864000000004
0.39350528999999995
0.394384
0.399424
0.40335201
0.3975302499999999
0.39262756000000004
0.39137536000000006
0.39112515999999997
0.38229488999999994
0.38278969
0.37884025000000005
0.38056561
0.38155329000000004
0.38056561
0.37970244
0.38850288999999993
0.38663524000000005
0.37368768999999996
0.367236
0.36978561
0.36445369
0.36276528999999996
0.36638808999999994
0.37380996000000005
0.3724660899999999
0.37039396
0.37859408999999994
0.38241855999999996
0.38950081
0.39765636000000004
0.39929761
0.39050001
0.38850288999999993
0.38007225000000006
0.3851443600000001
0.390625
0.38825360999999997
0.38738175999999996
0.385641
0.38155329000000004
0.38539264
0.38427601
0.38613795999999995
0.38303721
0.38007225000000006
0.38130625000000007
0.38638656000000005
0.38452400999999997
0.37773316000000007
0.37283236000000003
0.36687249
0.35081929000000006
0.36276528999999996
0.35414400999999995
0.35105625
0.35390601
0.35105625
0.35188623999999996
0.36132120999999995
0.35271721
0.34656769
0.33907329
0.34093921
0.34515625000000005
0.34304449
0.35081929000000006
0.35070083999999996
0.36048016000000005
0.36252440999999996
0.36784225000000004
0.36397088999999994
0.37283236000000003
0.36493680999999994
0.366025
0.35832196000000005
0.35832196000000005
0.35497764
0.354025
0.35438209000000004
0.36096064
0.36796356
0.37491128999999995
0.379456
0.38975048999999995
0.37810201
0.38340863999999997
0.37933281
0.38800441
0.39425841
0.39175081
0.38975048999999995
0.39225169
0.37896336
0.37834800999999996
0.37380996000000005
0.374544
0.36288576000000006
0.3714902500000001
0.37625955999999994
0.37625955999999994
0.38526849
0.38415204000000003
0.37527876000000004
0.367236
0.37417689000000004
0.37675044
0.38551681
0.38613795999999995
0.388129
0.37957921
0.39337984
0.38950081
0.38900169000000007
0.39037504
0.38925121
0.38353248999999995
0.38539264
0.38900169000000007
0.38291344
0.38787984000000003
0.39237695999999994
0.39413284000000004
0.39715204
0.4039873600000001
0.40717161
0.39601848999999995
0.40347904
0.40297104000000006
0.400689
0.40500495999999997
0.39488655999999994
0.4079376900000001
0.41203561000000005
0.40947201000000005
0.41139395999999995
0.41628304
0.41293475999999996
0.40947201000000005
0.4079376900000001
0.39450961
0.39929761
0.40309801
0.39250224999999994
0.394384
0.39526369000000006
0.39778249000000004
0.40119555999999995
0.39488655999999994
0.38613795999999995
0.40335201
0.40564161000000004
0.41525135999999996
0.41267775999999995
0.40360609
0.39765636000000004
0.40551424
0.39501224999999995
0.4038602499999999
0.41075281
0.40094224
0.40462321
0.40883235999999995
0.40335201
0.39100008999999997
0.3901251600000001
0.38378025000000004
0.38601368999999996
0.388129
0.38031889
0.381924
0.38378025000000004
0.38850288999999993
0.3836563599999999
0.38155329000000004
0.38415204000000003
0.39100008999999997
0.37884025000000005
0.38787984000000003
0.388129
0.379456
0.38837824
0.38278969
0.38180041
0.38551681
0.386884
0.38651089000000005
0.3901251600000001
0.39025009000000005
0.391876
0.40284409000000004
0.41486481000000003
0.41757444
0.40742689
0.40411449000000005
0.4038602499999999
0.41229241
0.41654115999999997
0.41576704000000003
0.41049649000000005
0.42003361
0.42902500000000005
0.4235406400000001
0.41899728999999997
0.42328035999999997
0.41899728999999997
0.413449
0.41628304
0.42211009000000005
0.42614784000000006
0.42954916
0.42445225
0.43309561
0.42315024999999995
0.42380100000000004
0.42289009
0.41912676
0.42094144000000006
0.42250000000000004
0.44235801
0.44876601000000005
0.45589504000000003
0.45670563999999997
0.4499726399999999
0.45104656
0.45225624999999997
0.45252528999999997
0.45037521
0.44903401000000004
0.44970435999999997
0.44903401000000004
0.44957025
0.45616516
0.45724644000000003
0.46444225
0.46199208999999997
0.44876601000000005
0.44555625
0.44782864
0.4406304399999999
0.43731769
0.4286320899999999
0.4286320899999999
0.42081169000000007
0.4327008400000001
0.43217476
0.43996689
0.43837641000000005
0.43256928999999994
0.42315024999999995
0.41190724000000006
0.4196448400000001
0.42237001
0.42562575999999996
0.42237001
0.42068195999999997
0.42302016
0.42237001
0.41615401
0.41796225
0.41822089000000007
0.4079376900000001
0.39287824000000005
0.40360609
0.40043584000000004
0.40487768999999996
0.4142209599999999
0.42263001
0.42003361
0.41499364
0.42055224999999996
0.42667024
0.43335889
0.43930383999999995
0.43454464000000004
0.44836415999999996
0.4367888100000001
0.42889401000000005
0.4180915599999999
0.42915601000000003
0.43086095999999996
0.42003361
0.42276004
0.42458255999999994
0.413449
0.41357761
0.41267775999999995
0.40729924
0.40729924
0.41139395999999995
0.40857664
0.410881
0.42133081
0.43243775999999995
0.43956900000000004
0.44729343999999993
0.44462223999999995
0.45064369
0.45373695999999997
0.45481536
0.45037521
0.4447556100000001
0.43652448999999993
0.43520408999999993
0.43903876
0.43612816
0.4419590399999999
0.4447556100000001
0.44275716
0.42758521000000005
0.41692849000000004
0.41847961000000006
0.41757444
0.40947201000000005
0.40487768999999996
0.39639616000000005
0.40436881
0.40627875999999996
0.40844881
0.41409224999999994
0.41434969000000005
0.40883235999999995
0.41486481000000003
0.41525135999999996
0.41886784
0.42016324
0.4258867599999999
0.4196448400000001
0.43086095999999996
0.43059844
0.43204328999999997
0.4406304399999999
0.4367888100000001
0.43692100000000006
0.43375395999999994
0.43178041
0.41654115999999997
0.41641208999999996
0.41447844000000006
0.40870449
0.42263001
0.42797764
0.43020481000000005
0.42837024999999995
0.42876304000000004
0.41977441000000004
0.42367081000000006
0.42601728999999994
0.43204328999999997
0.44302336
0.44675855999999997
0.45104656
0.45643535999999996
0.45427600000000007
0.45630024999999996
0.45995524000000004
0.45887076
0.44823025
0.45212176
0.44769481000000005
0.45968400000000004
0.46144849000000004
0.45900625
0.46199208999999997
0.45859984000000004
0.46294416
0.4581936099999999
0.46144849000000004
0.46321636
0.46172025
0.45454564000000003
0.44769481000000005
0.43573201
0.43850884
0.43322724
0.43903876
0.44089600000000007
0.44036495999999997
0.43652448999999993
0.42172035999999996
0.42263001
0.41835024000000004
0.40998408999999997
0.40819321000000003
0.40947201000000005
0.42302016
0.42536484
0.42016324
0.42889401000000005
0.44076321000000007
0.43599609
0.43454464000000004
0.44756100000000004
0.43850884
0.44315648999999996
0.43586404
0.43546801000000007
0.43744995999999997
0.43480836
0.42406144
0.42601728999999994
0.42094144000000006
0.41319184000000003
0.41757444
0.41024025
0.41049649000000005
0.39765636000000004
0.39337984
0.395641
0.38950081
0.39162564000000005
0.381924
0.38900169000000007
0.39967684
0.40335201
0.40284409000000004
0.40691641
0.41190724000000006
0.40755455999999995
0.42107121000000003
0.41679935999999995
0.41576704000000003
0.4130632900000001
0.42406144
0.43414921000000006
0.43046721000000004
0.43784688999999993
0.44328963999999993
0.4419590399999999
0.44769481000000005
0.4489000000000001
0.44876601000000005
0.44635761
0.44275716
0.44876601000000005
0.44209201000000004
0.44502241000000003
0.44622400000000007
0.44635761
0.45225624999999997
0.44849808999999996
0.4529290000000001
0.45468049
0.44609041000000005
0.44422225
0.44849808999999996
0.44609041000000005
0.44649124
0.43837641000000005
0.44049768999999994
0.43349055999999997
0.42850115999999994
0.42393121
0.42419169
0.41576704000000003
0.41770368999999996
0.41847961000000006
0.41024025
0.413449
0.41447844000000006
0.40309801
0.40985604
0.41100921
0.40487768999999996
0.40005624999999995
0.4130632900000001
0.4196448400000001
0.43125488999999995
0.43204328999999997
0.42876304000000004
0.43560000000000004
0.4419590399999999
0.44462223999999995
0.44209201000000004
0.43930383999999995
0.43903876
0.44422225
0.44528929
0.44555625
0.43349055999999997
0.43573201
0.43243775999999995
0.43059844
0.4273236899999999
0.43191184
0.42981136
0.42889401000000005
0.4258867599999999
0.42172035999999996
0.42211009000000005
0.43217476
0.41383488999999996
0.40755455999999995
0.39350528999999995
0.39112515999999997
0.38353248999999995
0.38613795999999995
0.39778249000000004
0.39828721
0.38551681
0.39075001
0.39363075999999997
0.385641
0.39050001
0.38837824
0.39162564000000005
0.39690000000000003
0.4051322499999999
0.41229241
0.39828721
0.39841343999999995
0.40462321
0.39601848999999995
0.39778249000000004
0.4001827600000001
0.40602383999999997
0.40564161000000004
0.39614436
0.39917124000000004
0.40947201000000005
0.42029289
0.41925624999999994
0.4195152900000001
0.42068195999999997
0.41499364
0.41409224999999994
0.41100921
0.40972801
0.40005624999999995
0.400689
0.390625
0.39200121
0.39050001
0.38651089000000005
0.38204761
0.38415204000000003
0.38477208999999996
0.39075001
0.391876
0.38464803999999997
0.37307664
0.37491128999999995
0.3751562500000001
0.37970244
0.38328481
0.38489615999999993
0.38390416000000005
0.39476089
0.39853968999999995
0.39828721
0.3937562499999999
0.40755455999999995
0.40246335999999994
0.40106888999999996
0.39601848999999995
0.4001827600000001
0.410881
0.41499364
0.41486481000000003
0.41447844000000006
0.41783296
0.42432196
0.43033600000000005
0.42889401000000005
0.43322724
0.43204328999999997
0.43560000000000004
0.42771600000000004
0.42823935999999996
0.44555625
0.44609041000000005
0.44649124
0.43784688999999993
0.41744521
0.4196448400000001
0.43546801000000007
0.42172035999999996
0.43164900000000006
0.43877376
0.43626024999999996
0.42810849
0.42680089
0.42328035999999997
0.42536484
0.42471288999999995
0.41576704000000003
0.417316
0.40589641
0.41242084
0.41718681
0.42107121000000003
0.42146064
0.42810849
0.4300736400000001
0.41938575999999994
0.42471288999999995
0.42029289
0.41615401
0.419904
0.40883235999999995
0.40602383999999997
0.39212643999999997
0.39639616000000005
0.39879224999999996
0.393129
0.39175081
0.383161
0.38613795999999995
0.38328481
0.37748735999999994
0.37834800999999996
0.38241855999999996
0.39112515999999997
0.38402809000000004
0.39513796000000007
0.40538689000000006
0.39690000000000003
0.400689
0.40411449000000005
0.40564161000000004
0.41383488999999996
0.41525135999999996
0.41319184000000003
0.41062464000000004
0.42250000000000004
0.42445225
0.42994248999999995
0.42107121000000003
0.41563809000000007
0.417316
0.41486481000000003
0.41512248999999996
0.40857664
0.41036835999999993
0.41525135999999996
0.42094144000000006
0.413449
0.41822089000000007
0.41216400000000003
0.42107121000000003
0.41460721000000006
0.407044
0.40564161000000004
0.4051322499999999
0.40755455999999995
0.40985604
0.41370624
0.41873841
0.41667024999999996
0.4025902499999999
0.40297104000000006
0.39037504
0.38638656000000005
0.37625955999999994
0.37834800999999996
0.38700840999999997
0.391876
0.39463524
0.40195600000000004
0.4027171600000001
0.4039873600000001
0.40347904
0.4090881599999999
0.40106888999999996
0.40551424
0.4142209599999999
0.40870449
0.41473600000000005
0.4142209599999999
0.41177889000000006
0.42159049
0.42549528999999997
0.40921609000000003
0.41512248999999996
0.41434969000000005
0.413449
0.41796225
0.4180915599999999
0.41100921
0.418609
0.41293475999999996
0.39929761
0.39413284000000004
0.38700840999999997
0.393129
0.39740415999999995
0.4025902499999999
0.40436881
0.39803481
0.39866595999999993
0.38962564
0.39425841
0.39614436
0.40233649
0.4038602499999999
0.41011215999999995
0.40972801
0.41113743999999997
0.41216400000000003
0.41100921
0.4025902499999999
0.41280624999999993
0.40896024999999997
0.40998408999999997
0.41113743999999997
0.41126568999999996
0.39980329
0.39325441
0.3975302499999999
0.40589641
0.40462321
0.41357761
0.4195152900000001
0.42185025
0.42159049
0.419904
0.42510400000000004
0.42367081000000006
0.41977441000000004
0.42120100000000005
0.41499364
0.41267775999999995
0.40742689
0.40475044
0.40246335999999994
0.39765636000000004
0.39100008999999997
0.3876307600000001
0.39576680999999997
0.38725729
0.38502025000000006
0.390625
0.39400729000000007
0.3901251600000001
0.38638656000000005
0.38651089000000005
0.39025009000000005
0.390625
0.39513796000000007
0.39652209000000005
0.39450961
0.39075001
0.38502025000000006
0.38850288999999993
0.395641
0.39702601
0.3912502499999999
0.39677401
0.39980329
0.40640624999999997
0.41139395999999995
0.41654115999999997
0.41770368999999996
0.41370624
0.39917124000000004
0.38229488999999994
0.3739322500000001
0.37380996000000005
0.3727102500000001
0.3724660899999999
0.37380996000000005
0.37466640999999995
0.37295449
0.378225
0.38056561
0.38105928999999994
0.38601368999999996
0.38130625000000007
0.38539264
0.38415204000000003
0.38217123999999997
0.388129
0.389376
0.38477208999999996
0.38975048999999995
0.38539264
0.38551681
0.39955040999999997
0.40094224
0.39929761
0.39262756000000004
0.39727809
0.39627024999999994
0.39150049000000003
0.39803481
0.40666129000000006
0.40347904
0.4027171600000001
0.39715204
0.40335201
0.40627875999999996
0.42562575999999996
0.4258867599999999
0.42902500000000005
0.42837024999999995
0.42706225
0.41705764000000006
0.40870449
0.40195600000000004
0.407044
0.403225
0.4027171600000001
0.403225
0.41139395999999995
0.41216400000000003
0.41139395999999995
0.40182921000000005
0.39262756000000004
0.39765636000000004
0.38775529000000003
0.3912502499999999
0.40030929000000004
0.40436881
0.4038602499999999
0.40094224
0.40602383999999997
0.40157569000000004
0.40602383999999997
0.41357761
0.41357761
0.41796225
0.4090881599999999
0.40717161
0.40005624999999995
0.39690000000000003
0.39526369000000006
0.39639616000000005
0.39400729000000007
0.39627024999999994
0.398161
0.39790864000000004
0.386884
0.38987535999999995
0.39690000000000003
0.40640624999999997
0.41100921
0.41062464000000004
0.40170244000000005
0.40106888999999996
0.40297104000000006
0.40883235999999995
0.40157569000000004
0.39325441
0.38229488999999994
0.39501224999999995
0.39262756000000004
0.38787984000000003
0.39037504
0.37797904000000004
0.39112515999999997
0.37527876000000004
0.3851443600000001
0.38975048999999995
0.38489615999999993
0.39025009000000005
0.37994895999999995
0.39000025000000005
0.38975048999999995
0.3937562499999999
0.39917124000000004
0.39551521
0.39237695999999994
0.3886275599999999
0.388129
0.39075001
0.38987535999999995
0.39690000000000003
0.39715204
0.407044
0.4051322499999999
0.4001827600000001
0.39450961
0.39778249000000004
0.39778249000000004
0.39513796000000007
0.391876
0.39087503999999995
0.39225169
0.39639616000000005
0.3989185600000001
0.41203561000000005
0.41525135999999996
0.40424164
0.403225
0.40806544000000006
0.41602500000000003
0.42250000000000004
0.42680089
0.43573201
0.42928704
0.43164900000000006
0.43520408999999993
0.43560000000000004
0.43560000000000004
0.43322724
0.43349055999999997
0.43230624999999995
0.4406304399999999
0.43771456
0.43970161
0.43573201
0.43599609
0.44289025
0.44023225
0.43428100000000003
0.42850115999999994
0.44262409
0.44368921000000006
0.43797924000000005
0.44262409
0.43731769
0.43758224999999995
0.42601728999999994
0.432964
0.42797764
0.43151761000000005
0.43099224999999997
0.43388568999999994
0.43864129
0.44049768999999994
0.44542276
0.44502241000000003
0.45144961000000006
0.44275716
0.44422225
0.44395569
0.45373695999999997
0.44568975999999993
0.43877376
0.43573201
0.43335889
0.42876304000000004
0.42784681
0.42876304000000004
0.42328035999999997
0.41938575999999994
0.41654115999999997
0.41822089000000007
0.41873841
0.41628304
0.40870449
0.39879224999999996
0.3912502499999999
0.39576680999999997
0.389376
0.39614436
0.38663524000000005
0.3901251600000001
0.3912502499999999
0.40043584000000004
0.39589263999999996
0.40589641
0.41873841
0.41899728999999997
0.41267775999999995
0.40972801
0.41499364
0.40972801
0.418609
0.42823935999999996
0.41886784
0.42627841000000005
0.42941809
0.43797924000000005
0.43441281000000004
0.43850884
0.45252528999999997
0.45050944000000004
0.45091224999999996
0.4529290000000001
0.44355600000000006
0.43375395999999994
0.43151761000000005
0.42445225
0.43046721000000004
0.4353360400000001
0.43692100000000006
0.42968025
0.43243775999999995
0.43388568999999994
0.44408896
0.43520408999999993
0.45037521
0.44129449
0.42536484
0.42941809
0.42536484
0.41499364
0.42471288999999995
0.41938575999999994
0.41216400000000003
0.41886784
0.41280624999999993
0.4052595600000001
0.4039873600000001
0.40233649
0.398161
0.39980329
0.39551521
0.39325441
0.39778249000000004
0.40500495999999997
0.400689
0.40335201
0.4025902499999999
0.41899728999999997
0.41886784
0.42941809
0.42719295999999995
0.42289009
0.42198015999999994
0.42224004000000004
0.41886784
0.42445225
0.42003361
0.41177889000000006
0.41100921
0.41718681
0.40602383999999997
0.41357761
0.41409224999999994
0.41641208999999996
0.42614784000000006
0.42224004000000004
0.42250000000000004
0.42837024999999995
0.43086095999999996
0.43626024999999996
0.43467648999999997
0.43599609
0.44622400000000007
0.44222500000000003
0.44675855999999997
0.44076321000000007
0.43771456
0.43283241000000006
0.42250000000000004
0.42328035999999997
0.4196448400000001
0.40729924
0.4079376900000001
0.40883235999999995
0.40998408999999997
0.41447844000000006
0.41011215999999995
0.41177889000000006
0.42406144
0.42185025
0.42094144000000006
0.42419169
0.42029289
0.42029289
0.42823935999999996
0.42784681
0.43059844
0.43151761000000005
0.43099224999999997
0.43983424000000004
0.43758224999999995
0.43705321
0.43178041
0.42601728999999994
0.42445225
0.42601728999999994
0.41770368999999996
0.41692849000000004
0.42146064
0.41873841
0.40947201000000005
0.41113743999999997
0.41383488999999996
0.41486481000000003
0.41835024000000004
0.40947201000000005
0.41062464000000004
0.41332041
0.41216400000000003
0.41641208999999996
0.42810849
0.42614784000000006
0.42133081
0.41550915999999993
0.40309801
0.40043584000000004
0.40436881
0.40985604
0.40678884000000004
0.41280624999999993
0.40500495999999997
0.39967684
0.40551424
0.40500495999999997
0.41216400000000003
0.40985604
0.40998408999999997
0.4001827600000001
0.39690000000000003
0.40030929000000004
0.39639616000000005
0.39853968999999995
0.40208281
0.40947201000000005
0.40157569000000004
0.39325441
0.39866595999999993
0.39841343999999995
0.40347904
0.4096
0.40666129000000006
0.399424
0.39803481
0.39639616000000005
0.38750625000000005
0.383161
0.38601368999999996
0.395641
0.38975048999999995
0.39803481
0.39413284000000004
0.39137536000000006
0.39664804000000004
0.39992975999999997
0.39677401
0.39287824000000005
0.39287824000000005
0.38204761
0.386884
0.38987535999999995
0.391876
0.39690000000000003
0.39702601
0.39866595999999993
0.39803481
0.39967684
0.39790864000000004
0.39841343999999995
0.38713284
0.389376
0.39262756000000004
0.39350528999999995
0.40985604
0.4130632900000001
0.4051322499999999
0.41203561000000005
0.419904
0.41383488999999996
0.41370624
0.41757444
0.42471288999999995
0.42328035999999997
0.4286320899999999
0.43164900000000006
0.4286320899999999
0.42289009
0.40947201000000005
0.40729924
0.39980329
0.40220964
0.41216400000000003
0.40678884000000004
0.41177889000000006
0.42094144000000006
0.42693156
0.42380100000000004
0.42981136
0.4327008400000001
0.43099224999999997
0.42771600000000004
0.42146064
0.41165055999999994
0.41602500000000003
0.43099224999999997
0.42680089
0.42055224999999996
0.41835024000000004
0.41796225
0.41886784
0.41757444
0.42029289
0.42276004
0.42146064
0.43428100000000003
0.43441281000000004
0.43099224999999997
0.42981136
0.43428100000000003
0.43335889
0.42797764
0.43112355999999996
0.43507215999999993
0.43520408999999993
0.44009956
0.43718544000000004
0.44009956
0.43283241000000006
0.43837641000000005
0.44302336
0.45562500000000006
0.44849808999999996
0.44970435999999997
0.45495025
0.45468049
0.44756100000000004
0.44876601000000005
0.44408896
0.44182608999999995
0.45468049
0.44903401000000004
0.44395569
0.45319824000000003
0.44222500000000003
0.43586404
0.43612816
0.44156025
0.42902500000000005
0.41977441000000004
0.41667024999999996
0.40921609000000003
0.40538689000000006
0.40819321000000003
0.40157569000000004
0.40094224
0.39275289
0.39175081
0.39413284000000004
0.39715204
0.38900169000000007
0.37970244
0.37491128999999995
0.37650496000000006
0.37027225
0.37527876000000004
0.37920964
0.3862622500000001
0.3844
0.39450961
0.38787984000000003
0.39000025000000005
0.39778249000000004
0.4051322499999999
0.40589641
0.40844881
0.41434969000000005
0.41473600000000005
0.41190724000000006
0.4096
0.41357761
0.41679935999999995
0.41447844000000006
0.42471288999999995
0.42640900000000004
0.42693156
0.43033600000000005
0.43428100000000003
0.44609041000000005
0.44408896
0.43890625
0.43890625
0.43573201
0.44209201000000004
0.43560000000000004
0.43507215999999993
0.43943641000000006
0.44756100000000004
0.44049768999999994
0.4286320899999999
0.41525135999999996
0.40896024999999997
0.40896024999999997
0.41229241
0.41512248999999996
0.42042255999999995
0.42640900000000004
0.4180915599999999
0.41319184000000003
0.4078099599999999
0.41409224999999994
0.41602500000000003
0.42393121
0.42549528999999997
0.43441281000000004
0.43454464000000004
0.43560000000000004
0.44488900000000003
0.4447556100000001
0.44249104
0.44395569
0.45697600000000005
0.45131523999999995
0.45225624999999997
0.45427600000000007
0.4581936099999999
0.45481536
0.46539684000000003
0.46063369
0.45684080999999993
0.47361924000000005
0.47513449
0.46526041000000007
0.45225624999999997
0.45887076
0.45077796
0.44568975999999993
0.43414921000000006
0.42876304000000004
0.42081169000000007
0.41679935999999995
0.4078099599999999
0.40551424
0.41293475999999996
0.41242084
0.40806544000000006
0.40602383999999997
0.41254928999999996
0.42315024999999995
0.41835024000000004
0.40870449
0.42016324
0.42107121000000003
0.40742689
0.41332041
0.41550915999999993
0.42081169000000007
0.41293475999999996
0.42250000000000004
0.41912676
0.43204328999999997
0.43020481000000005
0.43956900000000004
0.44009956
0.44528929
0.45064369
0.45927728999999995
0.45306361000000006
0.45454564000000003
0.4541412100000001
0.45522008999999997
0.45225624999999997
0.44408896
0.43441281000000004
0.44809635999999997
0.44395569
0.44395569
0.44116164
0.43705321
0.4327008400000001
0.44542276
0.4459568399999999
0.44395569
0.43480836
0.43718544000000004
0.42680089
0.43151761000000005
0.45185284000000003
0.45751696000000003
0.46321636
0.46840336
0.46676224000000005
0.45900625
0.45873529
0.45522008999999997
0.45832900000000004
0.45805823999999995
0.46335248999999995
0.44876601000000005
0.45346756
0.45239075999999995
0.45495025
0.45549001000000006
0.45346756
0.45252528999999997
0.45077796
0.44809635999999997
0.4367888100000001
0.43744995999999997
0.42237001
0.42263001
0.42536484
0.42758521000000005
0.42941809
0.43059844
0.43467648999999997
0.4340174400000001
0.43917128999999994
0.4340174400000001
0.42003361
0.41873841
0.41886784
0.41319184000000003
0.42172035999999996
0.41589601000000004
0.42094144000000006
0.42562575999999996
0.42211009000000005
0.42263001
0.41783296
0.42185025
0.42497361000000006
0.41667024999999996
0.41538024999999995
0.40985604
0.40081561
0.39526369000000006
0.38837824
0.39740415999999995
0.40043584000000004
0.40921609000000003
0.4052595600000001
0.41822089000000007
0.4130632900000001
0.41744521
0.41525135999999996
0.42159049
0.42823935999999996
0.4195152900000001
0.42981136
0.42693156
0.42146064
0.41692849000000004
0.40985604
0.4065337599999999
0.41126568999999996
0.41589601000000004
0.41705764000000006
0.41512248999999996
0.41938575999999994
0.41589601000000004
0.4078099599999999
0.41293475999999996
0.41460721000000006
0.42042255999999995
0.4180915599999999
0.41216400000000003
0.3975302499999999
0.3937562499999999
0.3886275599999999
0.37933281
0.3825422500000001
0.39087503999999995
0.4014489600000001
0.39050001
0.3975302499999999
0.40666129000000006
0.41049649000000005
0.40170244000000005
0.40998408999999997
0.41512248999999996
0.41796225
0.43033600000000005
0.42784681
0.42549528999999997
0.42745444000000005
0.42627841000000005
0.4300736400000001
0.42784681
0.42276004
0.4286320899999999
0.43467648999999997
0.43178041
0.42706225
0.43388568999999994
0.43059844
0.42627841000000005
0.41293475999999996
0.42120100000000005
0.41576704000000003
0.41847961000000006
0.40819321000000003
0.42575624999999995
0.42055224999999996
0.41615401
0.41512248999999996
0.40985604
0.41126568999999996
0.4195152900000001
0.40691641
0.40844881
0.41357761
0.40233649
0.38975048999999995
0.38601368999999996
0.383161
0.37613688999999995
0.38651089000000005
0.39112515999999997
0.39992975999999997
0.39980329
0.40246335999999994
0.40094224
0.39778249000000004
0.40284409000000004
0.39627024999999994
0.39262756000000004
0.39400729000000007
0.39853968999999995
0.39400729000000007
0.395641
0.39287824000000005
0.39425841
0.39639616000000005
0.39715204
0.39262756000000004
0.40170244000000005
0.40538689000000006
0.4065337599999999
0.404496
0.39967684
0.39627024999999994
0.3937562499999999
0.38925121
0.39225169
0.38887696000000005
0.39087503999999995
0.39363075999999997
0.380689
0.38031889
0.38167684
0.38007225000000006
0.37982568999999994
0.3825422500000001
0.37970244
0.38378025000000004
0.38291344
0.38887696000000005
0.38601368999999996
0.394384
0.38887696000000005
0.38452400999999997
0.38576520999999997
0.38019556000000004
0.38638656000000005
0.39037504
0.38675961000000003
0.37908649000000005
0.37625955999999994
0.37527876000000004
0.38204761
0.36614600999999997
0.36228361
0.36505763999999996
0.36360899999999996
0.37797904000000004
0.37283236000000003
0.36711481
0.3721
0.37368768999999996
0.37810201
0.38539264
0.3901251600000001
0.3886275599999999
0.3836563599999999
0.38007225000000006
0.39262756000000004
0.3876307600000001
0.39337984
0.39325441
0.39112515999999997
0.39526369000000006
0.39075001
0.39363075999999997
0.3937562499999999
0.380689
0.37589161
0.37051569
0.3751562500000001
0.37773316000000007
0.37748735999999994
0.38353248999999995
0.383161
0.383161
0.39715204
0.41113743999999997
0.41370624
0.42146064
0.41641208999999996
0.41705764000000006
0.43520408999999993
0.42928704
0.43178041
0.417316
0.42406144
0.42289009
0.41783296
0.4130632900000001
0.40500495999999997
0.41024025
0.40627875999999996
0.41126568999999996
0.39450961
0.39150049000000003
0.38825360999999997
0.39112515999999997
0.39175081
0.39287824000000005
0.3989185600000001
0.40094224
0.39828721
0.4014489600000001
0.403225
0.39614436
0.398161
0.40589641
0.407044
0.40883235999999995
0.41254928999999996
0.41280624999999993
0.403225
0.39400729000000007
0.39463524
0.40233649
0.39992975999999997
0.39538944000000004
0.4090881599999999
0.41242084
0.41254928999999996
0.40538689000000006
0.41705764000000006
0.41576704000000003
0.410881
0.41512248999999996
0.4234104899999999
0.43046721000000004
0.43217476
0.42419169
0.42224004000000004
0.43112355999999996
0.42328035999999997
0.41873841
0.42549528999999997
0.41886784
0.43046721000000004
0.41718681
0.4273236899999999
0.4313862400000001
0.42159049
0.4096
0.41550915999999993
0.41396355999999995
0.41977441000000004
0.43059844
0.4234104899999999
0.41165055999999994
0.41486481000000003
0.40640624999999997
0.4038602499999999
0.4130632900000001
0.42094144000000006
0.42523441
0.42784681
0.42667024
0.42120100000000005
0.41383488999999996
0.40934404
0.42042255999999995
0.42081169000000007
0.42981136
0.42810849
0.42445225
0.42994248999999995
0.43494025
0.43059844
0.42837024999999995
0.43099224999999997
0.42981136
0.4273236899999999
0.42497361000000006
0.42055224999999996
0.40870449
0.40538689000000006
0.40819321000000003
0.40883235999999995
0.41589601000000004
0.40870449
0.41049649000000005
0.41011215999999995
0.41113743999999997
0.39955040999999997
0.39275289
0.39175081
0.39450961
0.38837824
0.39150049000000003
0.38489615999999993
0.38291344
0.37736448999999994
0.376996
0.37908649000000005
0.37970244
0.38700840999999997
0.38850288999999993
0.39000025000000005
0.3938817600000001
0.39551521
0.40870449
0.4039873600000001
0.41254928999999996
0.42419169
0.41835024000000004
0.42055224999999996
0.41254928999999996
0.41473600000000005
0.40297104000000006
0.40360609
0.39526369000000006
0.3937562499999999
0.39363075999999997
0.39287824000000005
0.39237695999999994
0.38291344
0.38539264
0.38464803999999997
0.39000025000000005
0.39425841
0.39513796000000007
0.404496
0.4051322499999999
0.39677401
0.41242084
0.40373316
0.41177889000000006
0.40755455999999995
0.41550915999999993
0.40947201000000005
0.41216400000000003
0.40589641
0.40246335999999994
0.39526369000000006
0.4001827600000001
0.39162564000000005
0.39501224999999995
0.3876307600000001
0.38651089000000005
0.39000025000000005
0.39803481
0.39917124000000004
0.40182921000000005
0.39828721
0.40170244000000005
0.4079376900000001
0.41409224999999994
0.42146064
0.42719295999999995
0.42094144000000006
0.42198015999999994
0.42185025
0.42107121000000003
0.41628304
0.39967684
0.41229241
0.4052595600000001
0.39992975999999997
0.39917124000000004
0.4052595600000001
0.40373316
0.4096
0.39652209000000005
0.37810201
0.3751562500000001
0.38415204000000003
0.3912502499999999
0.39225169
0.39363075999999997
0.38601368999999996
0.390625
0.39917124000000004
0.395641
0.39715204
0.39652209000000005
0.39162564000000005
0.39300361
0.4051322499999999
0.40220964
0.40182921000000005
0.39904489000000004
0.40106888999999996
0.41165055999999994
0.40627875999999996
0.41242084
0.40500495999999997
0.40043584000000004
0.40360609
0.405769
0.4039873600000001
0.40755455999999995
0.40819321000000003
0.40691641
0.41925624999999994
0.41447844000000006
0.41679935999999995
0.41242084
0.42068195999999997
0.41177889000000006
0.41679935999999995
0.41718681
0.42094144000000006
0.41886784
0.42081169000000007
0.42185025
0.4180915599999999
0.41835024000000004
0.42432196
0.42614784000000006
0.42693156
0.42198015999999994
0.41641208999999996
0.41873841
0.42003361
0.4130632900000001
0.40896024999999997
0.41589601000000004
0.42133081
0.42510400000000004
0.41563809000000007
0.41628304
0.41229241
0.41242084
0.41177889000000006
0.41576704000000003
0.41628304
0.410881
0.42471288999999995
0.42653961
0.42994248999999995
0.43705321
0.44235801
0.44315648999999996
0.44249104
0.44275716
0.42928704
0.42680089
0.42497361000000006
0.42484324000000007
0.43930383999999995
0.43890625
0.44156025
0.43546801000000007
0.44448888999999997
0.45118088999999995
0.44649124
0.45333289
0.4581936099999999
0.45765225
