1934 0.273972602739726 0.32054794520547947
1938 0.20821917808219179 0.27671232876712326
1941 0.17307692307692307 0.23351648351648352
1942 0.2445054945054945 0.29120879120879123
1943 0.2547945205479452 0.2958904109589041
1944 0.226775956284153 0.25956284153005466
1948 0.27595628415300544 0.32786885245901637
1949 0.2410958904109589 0.27945205479452057
1950 0.2602739726027397 0.3232876712328767
1951 0.23013698630136986 0.27671232876712326
1952 0.25956284153005466 0.29508196721311475
1953 0.20821917808219179 0.26301369863013696
1954 0.1726027397260274 0.2328767123287671
1955 0.12602739726027398 0.1780821917808219
1956 0.15027322404371585 0.22950819672131148
1957 0.16164383561643836 0.23013698630136986
1958 0.29041095890410956 0.3178082191780822
1959 0.19452054794520549 0.2273972602739726
1960 0.226775956284153 0.2978142076502732
1961 0.2054794520547945 0.24383561643835616
1962 0.2493150684931507 0.3013698630136986
1963 0.2136986301369863 0.2602739726027397
1964 0.15846994535519127 0.20491803278688525
1965 0.2054794520547945 0.25205479452054796
1966 0.2547945205479452 0.29863013698630136
1967 0.20273972602739726 0.2356164383561644
1968 0.22131147540983606 0.26229508196721313
1969 0.2493150684931507 0.2958904109589041
1970 0.2465753424657534 0.26575342465753427
1971 0.21095890410958903 0.23835616438356164
1972 0.21311475409836064 0.2677595628415301
1973 0.2958904109589041 0.3424657534246575
1974 0.27671232876712326 0.3178082191780822
1975 0.27123287671232876 0.32054794520547947
1976 0.18032786885245902 0.25956284153005466
1977 0.25753424657534246 0.2958904109589041
1978 0.29315068493150687 0.3506849315068493
1979 0.27671232876712326 0.31232876712328766
1980 0.27049180327868855 0.30327868852459017
1981 0.2684931506849315 0.31232876712328766
1982 0.23835616438356164 0.27671232876712326
1983 0.2876712328767123 0.30684931506849317
1984 0.2568306010928962 0.31420765027322406
1985 0.25205479452054796 0.2876712328767123
1986 0.26575342465753427 0.3013698630136986
1987 0.28493150684931506 0.3424657534246575
1988 0.29508196721311475 0.3633879781420765
1989 0.35342465753424657 0.40821917808219177
1990 0.23013698630136986 0.273972602739726
1991 0.273972602739726 0.32054794520547947
1992 0.29508196721311475 0.34153005464480873
1993 0.27945205479452057 0.3041095890410959
1994 0.26301369863013696 0.3041095890410959
1995 0.2273972602739726 0.27945205479452057
1996 0.2650273224043716 0.31420765027322406
1997 0.27671232876712326 0.3178082191780822
1998 0.22465753424657534 0.2602739726027397
1999 0.2136986301369863 0.273972602739726
2000 0.2923497267759563 0.3469945355191257
2001 0.3315068493150685 0.3780821917808219
2002 0.2958904109589041 0.33972602739726027
2003 0.31232876712328766 0.36712328767123287
2004 0.2814207650273224 0.3251366120218579
2005 0.27123287671232876 0.32054794520547947
2006 0.2684931506849315 0.3150684931506849
2007 0.2958904109589041 0.32602739726027397
2008 0.2650273224043716 0.3087431693989071
2009 0.3013698630136986 0.33424657534246577
2010 0.2821917808219178 0.31232876712328766
2011 0.29041095890410956 0.3424657534246575
2012 0.2978142076502732 0.33879781420765026
2013 0.2958904109589041 0.3232876712328767
2014 0.2876712328767123 0.32054794520547947
2015 0.273972602739726 0.3013698630136986
2016 0.24316939890710382 0.2814207650273224
2017 0.29315068493150687 0.3287671232876712
2018 0.32054794520547947 0.36164383561643837
2019 0.26575342465753427 0.29863013698630136
2020 0.3743169398907104 0.4180327868852459
2021 0.2602739726027397 0.3041095890410959
2022 0.29863013698630136 0.33424657534246577
