1934 0.030136986301369864 0.0547945205479452
1938 0.005479452054794521 0.01643835616438356
1941 0.0 0.02197802197802198
1942 0.03021978021978022 0.07142857142857142
1943 0.01643835616438356 0.0410958904109589
1944 0.01092896174863388 0.05191256830601093
1948 0.04644808743169399 0.06557377049180328
1949 0.005479452054794521 0.03561643835616438
1950 0.04657534246575343 0.07671232876712329
1951 0.01643835616438356 0.03287671232876712
1952 0.00546448087431694 0.03551912568306011
1953 0.00821917808219178 0.0136986301369863
1954 0.010958904109589041 0.0273972602739726
1955 0.00821917808219178 0.01643835616438356
1956 0.0 0.00819672131147541
1957 0.00821917808219178 0.024657534246575342
1958 0.0273972602739726 0.06027397260273973
1959 0.00821917808219178 0.03287671232876712
1960 0.01639344262295082 0.040983606557377046
1961 0.03287671232876712 0.06027397260273973
1962 0.03287671232876712 0.057534246575342465
1963 0.021917808219178082 0.024657534246575342
1964 0.01092896174863388 0.030054644808743168
1965 0.00821917808219178 0.030136986301369864
1966 0.019178082191780823 0.0547945205479452
1967 0.0 0.0136986301369863
1968 0.01912568306010929 0.03278688524590164
1969 0.01643835616438356 0.0410958904109589
1970 0.021917808219178082 0.06027397260273973
1971 0.01643835616438356 0.049315068493150684
1972 0.02459016393442623 0.040983606557377046
1973 0.0410958904109589 0.07671232876712329
1974 0.052054794520547946 0.09315068493150686
1975 0.021917808219178082 0.0410958904109589
1976 0.00819672131147541 0.0273224043715847
1977 0.0136986301369863 0.06575342465753424
1978 0.04657534246575343 0.08767123287671233
1979 0.0547945205479452 0.08767123287671233
1980 0.030054644808743168 0.0546448087431694
1981 0.043835616438356165 0.0684931506849315
1982 0.024657534246575342 0.0547945205479452
1983 0.03561643835616438 0.07671232876712329
1984 0.01639344262295082 0.030054644808743168
1985 0.06301369863013699 0.09315068493150686
1986 0.024657534246575342 0.06301369863013699
1987 0.024657534246575342 0.043835616438356165
1988 0.030054644808743168 0.09289617486338798
1989 0.06575342465753424 0.10410958904109589
1990 0.052054794520547946 0.0684931506849315
1991 0.0136986301369863 0.038356164383561646
1992 0.0273224043715847 0.04918032786885246
1993 0.021917808219178082 0.052054794520547946
1994 0.030136986301369864 0.06575342465753424
1995 0.057534246575342465 0.08767123287671233
1996 0.01912568306010929 0.06557377049180328
1997 0.019178082191780823 0.038356164383561646
1998 0.03287671232876712 0.0684931506849315
1999 0.005479452054794521 0.024657534246575342
2000 0.02459016393442623 0.06284153005464481
2001 0.0273972602739726 0.07123287671232877
2002 0.043835616438356165 0.11506849315068493
2003 0.043835616438356165 0.1095890410958904
2004 0.01366120218579235 0.04918032786885246
2005 0.052054794520547946 0.10410958904109589
2006 0.038356164383561646 0.06301369863013699
2007 0.06575342465753424 0.1178082191780822
2008 0.04644808743169399 0.07650273224043716
2009 0.0547945205479452 0.09315068493150686
2010 0.0410958904109589 0.0958904109589041
2011 0.07123287671232877 0.1095890410958904
2012 0.03825136612021858 0.08469945355191257
2013 0.043835616438356165 0.09041095890410959
2014 0.0136986301369863 0.06027397260273973
2015 0.0410958904109589 0.07123287671232877
2016 0.06284153005464481 0.09562841530054644
2017 0.04657534246575343 0.09041095890410959
2018 0.038356164383561646 0.09315068493150686
2019 0.052054794520547946 0.10410958904109589
2020 0.12021857923497267 0.17759562841530055
2021 0.0547945205479452 0.08767123287671233
2022 0.052054794520547946 0.07671232876712329
