1934 0.1095890410958904 0.273972602739726
1938 0.06575342465753424 0.20821917808219179
1941 0.06593406593406594 0.17307692307692307
1942 0.12637362637362637 0.2445054945054945
1943 0.11232876712328767 0.2547945205479452
1944 0.11202185792349727 0.226775956284153
1948 0.1557377049180328 0.27595628415300544
1949 0.0821917808219178 0.2410958904109589
1950 0.13150684931506848 0.2602739726027397
1951 0.10410958904109589 0.23013698630136986
1952 0.11202185792349727 0.25956284153005466
1953 0.07671232876712329 0.20821917808219179
1954 0.057534246575342465 0.1726027397260274
1955 0.030136986301369864 0.12602739726027398
1956 0.03278688524590164 0.15027322404371585
1957 0.06027397260273973 0.16164383561643836
1958 0.15342465753424658 0.29041095890410956
1959 0.0958904109589041 0.19452054794520549
1960 0.11202185792349727 0.226775956284153
1961 0.11232876712328767 0.2054794520547945
1962 0.14520547945205478 0.2493150684931507
1963 0.06027397260273973 0.2136986301369863
1964 0.05737704918032787 0.15846994535519127
1965 0.07945205479452055 0.2054794520547945
1966 0.10684931506849316 0.2547945205479452
1967 0.057534246575342465 0.20273972602739726
1968 0.07650273224043716 0.22131147540983606
1969 0.10684931506849316 0.2493150684931507
1970 0.13424657534246576 0.2465753424657534
1971 0.13150684931506848 0.21095890410958903
1972 0.09016393442622951 0.21311475409836064
1973 0.15342465753424658 0.2958904109589041
1974 0.14520547945205478 0.27671232876712326
1975 0.11506849315068493 0.27123287671232876
1976 0.06830601092896176 0.18032786885245902
1977 0.15616438356164383 0.25753424657534246
1978 0.1726027397260274 0.29315068493150687
1979 0.1780821917808219 0.27671232876712326
1980 0.14207650273224043 0.27049180327868855
1981 0.1643835616438356 0.2684931506849315
1982 0.11506849315068493 0.23835616438356164
1983 0.15616438356164383 0.2876712328767123
1984 0.10655737704918032 0.2568306010928962
1985 0.1589041095890411 0.25205479452054796
1986 0.12876712328767123 0.26575342465753427
1987 0.14246575342465753 0.28493150684931506
1988 0.17759562841530055 0.29508196721311475
1989 0.18904109589041096 0.35342465753424657
1990 0.12876712328767123 0.23013698630136986
1991 0.136986301369863 0.273972602739726
1992 0.14207650273224043 0.29508196721311475
1993 0.1178082191780822 0.27945205479452057
1994 0.15342465753424658 0.26301369863013696
1995 0.14520547945205478 0.2273972602739726
1996 0.15027322404371585 0.2650273224043716
1997 0.11232876712328767 0.27671232876712326
1998 0.11232876712328767 0.22465753424657534
1999 0.0821917808219178 0.2136986301369863
2000 0.1448087431693989 0.2923497267759563
2001 0.1863013698630137 0.3315068493150685
2002 0.2136986301369863 0.2958904109589041
2003 0.18082191780821918 0.31232876712328766
2004 0.1366120218579235 0.2814207650273224
2005 0.15616438356164383 0.27123287671232876
2006 0.14520547945205478 0.2684931506849315
2007 0.2 0.2958904109589041
2008 0.1557377049180328 0.2650273224043716
2009 0.17534246575342466 0.3013698630136986
2010 0.17534246575342466 0.2821917808219178
2011 0.1863013698630137 0.29041095890410956
2012 0.1557377049180328 0.2978142076502732
2013 0.19726027397260273 0.2958904109589041
2014 0.14520547945205478 0.2876712328767123
2015 0.1780821917808219 0.273972602739726
2016 0.1557377049180328 0.24316939890710382
2017 0.1726027397260274 0.29315068493150687
2018 0.1726027397260274 0.32054794520547947
2019 0.1726027397260274 0.26575342465753427
2020 0.23770491803278687 0.3743169398907104
2021 0.15342465753424658 0.2602739726027397
2022 0.1506849315068493 0.29863013698630136
