1934 0.4602739726027397 0.5643835616438356
1938 0.4 0.44931506849315067
1941 0.3434065934065934 0.3983516483516483
1942 0.3983516483516483 0.45054945054945056
1943 0.4273972602739726 0.5150684931506849
1944 0.366120218579235 0.453551912568306
1948 0.4371584699453552 0.5027322404371585
1949 0.4 0.4931506849315068
1950 0.473972602739726 0.5726027397260274
1951 0.38904109589041097 0.4712328767123288
1952 0.4562841530054645 0.5109289617486339
1953 0.3589041095890411 0.4191780821917808
1954 0.4301369863013699 0.5150684931506849
1955 0.35342465753424657 0.4410958904109589
1956 0.38524590163934425 0.44808743169398907
1957 0.3424657534246575 0.39452054794520547
1958 0.4054794520547945 0.4602739726027397
1959 0.37534246575342467 0.4821917808219178
1960 0.39344262295081966 0.4562841530054645
1961 0.3972602739726027 0.4657534246575342
1962 0.3863013698630137 0.4904109589041096
1963 0.4328767123287671 0.4931506849315068
1964 0.36885245901639346 0.4672131147540984
1965 0.38082191780821917 0.4712328767123288
1966 0.4054794520547945 0.4931506849315068
1967 0.3561643835616438 0.4657534246575342
1968 0.37158469945355194 0.5
1969 0.3917808219178082 0.46301369863013697
1970 0.3780821917808219 0.4328767123287671
1971 0.3424657534246575 0.4547945205479452
1972 0.412568306010929 0.5355191256830601
1973 0.4465753424657534 0.5041095890410959
1974 0.4410958904109589 0.5123287671232877
1975 0.39452054794520547 0.4575342465753425
1976 0.3797814207650273 0.4781420765027322
1977 0.43561643835616437 0.4904109589041096
1978 0.4246575342465753 0.4958904109589041
1979 0.4301369863013699 0.4931506849315068
1980 0.4098360655737705 0.47540983606557374
1981 0.3972602739726027 0.5205479452054794
1982 0.39452054794520547 0.473972602739726
1983 0.3726027397260274 0.4575342465753425
1984 0.42349726775956287 0.4672131147540984
1985 0.40821917808219177 0.4821917808219178
1986 0.40821917808219177 0.5150684931506849
1987 0.46301369863013697 0.5342465753424658
1988 0.46174863387978143 0.546448087431694
1989 0.4821917808219178 0.5671232876712329
1990 0.4657534246575342 0.5424657534246575
1991 0.4410958904109589 0.4931506849315068
1992 0.46994535519125685 0.5273224043715847
1993 0.4136986301369863 0.4849315068493151
1994 0.3917808219178082 0.4547945205479452
1995 0.38082191780821917 0.4657534246575342
1996 0.43989071038251365 0.49453551912568305
1997 0.4273972602739726 0.5232876712328767
1998 0.35342465753424657 0.4410958904109589
1999 0.4273972602739726 0.5095890410958904
2000 0.42349726775956287 0.47540983606557374
2001 0.4712328767123288 0.5561643835616439
2002 0.4410958904109589 0.5013698630136987
2003 0.4438356164383562 0.4876712328767123
2004 0.4344262295081967 0.5327868852459017
2005 0.4191780821917808 0.5013698630136987
2006 0.4191780821917808 0.4931506849315068
2007 0.46301369863013697 0.547945205479452
2008 0.4371584699453552 0.5081967213114754
2009 0.4301369863013699 0.5205479452054794
2010 0.40273972602739727 0.4794520547945205
2011 0.4465753424657534 0.5150684931506849
2012 0.4672131147540984 0.5382513661202186
2013 0.4301369863013699 0.5287671232876713
2014 0.42191780821917807 0.5452054794520548
2015 0.4191780821917808 0.5150684931506849
2016 0.4207650273224044 0.5382513661202186
2017 0.4684931506849315 0.5643835616438356
2018 0.4410958904109589 0.4958904109589041
2019 0.39452054794520547 0.4767123287671233
2020 0.4972677595628415 0.5327868852459017
2021 0.4301369863013699 0.5287671232876713
2022 0.4712328767123288 0.536986301369863
