1900 38 2 0.00145968620519632 0.0 0.009973609371006553 0.01092896174863388
1901 38 2 0.014480938588272929 0.0 0.031072086856300363 0.01092896174863388
1902 38 2 4.113029027363879e-07 0.0 2.9068918760200013e-05 0.0
1903 38 2 0.0012478847869741294 0.0 0.004534968259470418 0.0
1904 38 2 3.069637776420553e-05 0.0 0.00063989977047052 0.0
1905 38 2 0.00038041096427232635 0.0 0.002951594660665857 0.0
1906 38 2 1.4549768264648932e-06 0.0 0.00021834722176439225 0.0
1907 38 2 2.220446049250313e-16 0.0 4.76843009522554e-11 0.0
1908 38 2 0.014091690678558866 0.0 0.030152326591323275 0.0
1909 38 2 0.00025370248197142953 0.0 0.0019919893914311926 0.0
1910 38 2 0.0002114151974417222 0.0 0.0016021476511114408 0.0
1911 38 2 0.0035021927122228513 0.0 0.013226256061622754 0.03278688524590164
1912 38 2 0.0005375068282577056 0.0 0.003909598724572083 0.00546448087431694
1913 38 2 0.0006087058126270639 0.0 0.004167596721983524 0.0
1914 38 2 0.0002679006454416877 0.0 0.003470111104904139 0.0
1915 38 2 0.0046385830485035084 0.0 0.014077262506664523 0.0
1916 38 2 0.0006621743706283212 0.0 0.004188929601819602 0.0
1917 38 2 0.000906001911879617 0.0 0.005204408112520875 0.02185792349726776
1918 38 2 0.004168446416457305 0.00546448087431694 0.013449339356210732 0.01092896174863388
1919 38 2 0.002430465205539023 0.0 0.00912820505499723 0.01639344262295082
1920 38 2 5.950263377574316e-07 0.0 9.057600920536757e-05 0.0
1921 38 2 0.0007397897006770071 0.0 0.005596909537936012 0.0
1922 38 2 3.373512569004866e-05 0.0 0.0007148244057924025 0.0
1923 38 2 0.001800840951685645 0.0 0.009125683692669195 0.02185792349726776
1924 38 2 0.003631461660244306 0.0 0.011401086337700428 0.00546448087431694
1925 38 2 0.001770016975673805 0.0 0.009008266785338392 0.01639344262295082
1926 38 2 0.0027830407406688185 0.0 0.010020292816503407 0.01639344262295082
1927 38 2 9.243421990867695e-05 0.0 0.0008556614760900638 0.0
1928 38 2 0.00035022949023610916 0.0 0.0028077477450418886 0.0
1929 38 2 0.0019559991280015954 0.0 0.011579306820838964 0.01092896174863388
1930 38 2 0.005070617192627136 0.00546448087431694 0.019133600251147853 0.01092896174863388
1931 38 2 0.0033821938819468267 0.0 0.015687136105309474 0.03278688524590164
1932 38 2 7.449804717563069e-08 0.0 8.956728675257875e-05 0.0
1933 38 2 0.022258661234487942 0.00546448087431694 0.045301161462201756 0.0273224043715847
1934 38 2 0.0013234093161808014 0.00546448087431694 0.0079405204790719 0.01639344262295082
1935 38 2 0.021525128443594554 0.0 0.043396412159341535 0.0
1936 38 2 0.005715473448330899 0.01092896174863388 0.0198154023318996 0.01639344262295082
1937 38 2 0.0029633169655929326 0.0 0.013789955816264965 0.01639344262295082
1938 38 2 7.308623890434074e-05 0.0 0.0018038158203653731 0.0
1939 38 2 4.1232825639392345e-06 0.0 0.0009495446349147008 0.0
1940 38 2 0.003446749490578216 0.0 0.012245749067398726 0.01639344262295082
1941 38 2 0.002491257029434979 0.0 0.013310410378724491 0.01092896174863388
1942 38 2 0.00015033761906335652 0.0 0.0023136329615796036 0.00546448087431694
1943 38 2 0.03931258242521607 0.0 0.06747503465954185 0.01092896174863388
1944 38 2 0.006033517516974007 0.01092896174863388 0.03129578170208569 0.03278688524590164
1946 38 2 2.760030667237068e-06 0.0 0.00022911594811203528 0.0
1947 38 2 1.9934584210234974e-05 0.0 0.0009211677052104461 0.0
1948 38 2 0.0029494462480110784 0.01092896174863388 0.011936285838835992 0.01639344262295082
1949 38 2 0.00998850192875178 0.00546448087431694 0.02924986599497037 0.03825136612021858
1950 38 2 4.926546476058391e-05 0.0 0.0009564419933592028 0.0
1951 38 2 1.2595254639258258e-07 0.0 5.635120879321498e-05 0.0
1952 38 2 0.0034124600672968963 0.0 0.016758689618164957 0.01639344262295082
1953 38 2 0.01323071415560595 0.01092896174863388 0.03714572091248247 0.060109289617486336
1954 38 2 0.0020896859501433607 0.0 0.010026106771860333 0.01092896174863388
1955 38 2 0.013103378995977577 0.0 0.03493673662642338 0.07103825136612021
1956 38 2 0.0002268497909836409 0.0 0.002566832530776386 0.00546448087431694
1957 38 2 0.0023700842648194387 0.00546448087431694 0.013374979119561203 0.01639344262295082
1958 38 2 6.352888992644523e-08 0.0 2.960131025087076e-05 0.0
1959 38 2 7.564995350262116e-06 0.0 0.0014565546510461047 0.00546448087431694
1960 38 2 7.101619292626538e-10 0.0 2.34476071658829e-06 0.0
1961 38 2 2.8697483171691296e-05 0.0 0.0031699153260704716 0.00546448087431694
1962 38 2 0.00028808283138082036 0.0 0.0037716164891490322 0.00546448087431694
1963 38 2 0.0031764294027487594 0.0 0.012446705956364434 0.01639344262295082
1964 38 2 0.02555391410748875 0.0 0.04878708910936336 0.01092896174863388
1965 38 2 2.5350364050935603e-05 0.0 0.0010053622018377784 0.0
1966 38 2 0.00889615365682428 0.01639344262295082 0.0350763777172991 0.03825136612021858
1967 38 2 0.0157565180178878 0.0 0.03180139300543727 0.0
1968 38 2 0.001950057529330751 0.0 0.00930796129896505 0.01639344262295082
1969 38 2 0.0005367744409019437 0.0 0.0049045194506085465 0.00546448087431694
1970 38 2 4.087670091079687e-06 0.0 0.0007632485063057137 0.0
1971 38 2 1.5010647707591751e-05 0.0 0.0010416898433537325 0.0
1972 38 2 4.042738550802394e-05 0.0 0.0013202817215607343 0.0
1973 38 2 0.001649003168373353 0.0 0.010708420350815095 0.01092896174863388
1974 38 2 0.00011120612452197864 0.0 0.0024373757407976093 0.0
1975 38 2 0.000302116285721743 0.0 0.002816074819052772 0.00546448087431694
1976 38 2 2.8950472562572216e-06 0.0 0.0003889970415609234 0.0
1977 38 2 0.005936871654690035 0.01092896174863388 0.02136053801132376 0.0273224043715847
1978 38 2 2.8152491880817365e-05 0.0 0.0007655754403779191 0.0
1979 38 2 0.01377583738771182 0.0 0.03039430338511062 0.0
1980 38 2 0.006842298891788889 0.01092896174863388 0.02682101361635225 0.02185792349726776
1981 38 2 0.0007194221208505214 0.0 0.005549301673154594 0.0
1982 38 2 0.0005168238471324749 0.0 0.0037835017228613488 0.00546448087431694
1983 38 2 0.0009650837599305406 0.0 0.0164928150907786 0.02185792349726776
1984 38 2 0.000284602458169414 0.0 0.0028042386003186426 0.0
1985 38 2 2.293323334756625e-05 0.0 0.000650007089194049 0.0
1986 38 2 0.0002748333798705538 0.0 0.0030128279417357406 0.01092896174863388
1987 38 2 0.00122930747130634 0.0 0.010347624731036786 0.00546448087431694
1988 38 2 0.034426227092215655 0.0 0.06269783577241128 0.04371584699453552
1989 38 2 0.00036577490732925266 0.0 0.0034864759348157692 0.0
1990 38 2 1.3904088424498973e-05 0.0 0.0008021339290839036 0.0
1991 38 2 0.004013931064057896 0.00546448087431694 0.02401957507363539 0.0273224043715847
1992 38 2 1.2021455401800551e-05 0.0 0.00044268145476689114 0.0
1993 38 2 0.007606554910026375 0.01092896174863388 0.03261554490544483 0.0273224043715847
1994 38 2 0.0007287427708202454 0.0 0.0065389303328040604 0.01092896174863388
1995 38 2 0.022899137620515875 0.00546448087431694 0.04577978133091132 0.00546448087431694
1996 38 2 3.2605623170312015e-06 0.0 0.00015527617605493038 0.0
1997 38 2 0.0011844233274856952 0.0 0.005782191830804195 0.00546448087431694
1998 38 2 4.434444589307418e-09 0.0 8.726523301416655e-06 0.0
1999 38 2 0.02093402742438566 0.01092896174863388 0.043042138972379185 0.0546448087431694
2000 38 2 7.200817881591881e-05 0.0 0.0009005347368952199 0.0
2001 38 2 0.002224098720258527 0.00546448087431694 0.010321253872608183 0.02185792349726776
2002 38 2 0.0038434158539966123 0.0 0.020981813888401257 0.01092896174863388
2003 38 2 5.997352429476521e-05 0.0 0.0010155781982561507 0.0
2004 38 2 3.587130592563881e-13 0.0 2.172499680153095e-08 0.0
2005 38 2 0.003149162806546535 0.0 0.01601900154494562 0.0273224043715847
2006 38 2 0.0015164057297076816 0.0 0.006883101485432697 0.00546448087431694
2007 38 2 5.1736063877427796e-08 0.0 3.495950578458196e-05 0.0
2008 38 2 0.0004232724963824097 0.0 0.004077396646929965 0.0
2009 38 2 1.2244625595680958e-05 0.0 0.0002913047765529253 0.0
2010 38 2 0.0301842903448446 0.00546448087431694 0.06072772094354084 0.02185792349726776
2011 38 2 0.0030557810886415737 0.00546448087431694 0.01356492306953816 0.01639344262295082
2012 38 2 0.0029775776440403856 0.0 0.0128363964123126 0.01092896174863388
2013 38 2 0.0012230930535691575 0.0 0.007171819239025878 0.01092896174863388
2014 38 2 2.7700799209995353e-08 0.0 1.9221528581248037e-05 0.0
2015 38 2 7.35903920787706e-05 0.0 0.0026447634515400775 0.00546448087431694
2016 38 2 6.148940134964587e-05 0.0 0.0027216617337455506 0.0
2017 38 2 5.080634104592807e-05 0.0 0.0011823333956333393 0.0
2018 38 2 4.3718740738940554e-05 0.0 0.001858324173709569 0.0
2019 38 2 1.071034719635211e-05 0.0 0.0006090299864867088 0.0
2020 38 2 1.535339682834369e-05 0.0 0.0011082155162551732 0.0
2021 38 2 0.0005746858907513808 0.0 0.004735265705432479 0.00546448087431694
2022 38 2 0.00012398843695105022 0.0 0.0032970934484908287 0.00546448087431694
2023 38 2 2.9924601976039078e-05 0.0 0.00088542768575961 0.0
1900 41 2 2.9321409928617648e-05 0.0 0.00045698002929339676 0.0
1901 41 2 0.003796327543212019 0.0 0.009514785644616386 0.0
1902 41 2 1.1474032834968284e-10 0.0 3.4256361969298155e-08 0.0
1903 41 2 0.00012964780844682 0.0 0.0006132797588256356 0.0
1904 41 2 7.921064981708525e-08 0.0 5.095413389222259e-06 0.0
1905 41 2 7.63456488617198e-06 0.0 0.00011583300458073431 0.0
1906 41 2 3.507660828461212e-11 0.0 6.42034803099989e-08 0.0
1907 41 2 2.220446049250313e-16 0.0 2.220446049250313e-16 0.0
1908 41 2 0.003804197159714473 0.0 0.009316160128875817 0.0
1909 41 2 5.259610473373755e-06 0.0 7.754145065796969e-05 0.0
1910 41 2 5.049036298943044e-06 0.0 6.691102464218002e-05 0.0
1911 41 2 0.0002876447786277492 0.0 0.001631521660618196 0.0
1912 41 2 1.1855896963730572e-05 0.0 0.00016899122221747387 0.0
1913 41 2 1.5386270293071824e-05 0.0 0.0001990207168819369 0.0
1914 41 2 1.4043641385352856e-06 0.0 5.645395384745733e-05 0.0
1915 41 2 0.00063313874586024 0.0 0.002496502614098839 0.0
1916 41 2 1.985505246149266e-05 0.0 0.00022755970796306535 0.0
1917 41 2 3.23262505877997e-05 0.0 0.0003286683359138287 0.0
1918 41 2 0.0004972710246786693 0.0 0.002157707984165702 0.00546448087431694
1919 41 2 0.00021647950670067306 0.0 0.0011513556439938233 0.0
1920 41 2 1.8917312161192967e-11 0.0 2.762193973548932e-08 0.0
1921 41 2 1.4265778924493766e-05 0.0 0.00022474420561235942 0.0
1922 41 2 8.501083814671517e-08 0.0 5.554760408532644e-06 0.0
1923 41 2 8.029328184888662e-05 0.0 0.000700446173266478 0.0
1924 41 2 0.0004655269643139004 0.0 0.0019171389427992125 0.0
1925 41 2 7.864315962935464e-05 0.0 0.0006873515112558737 0.0
1926 41 2 0.0002670228560842647 0.0 0.0013495073918505796 0.0
1927 41 2 1.5147572705043189e-06 0.0 2.6070208034689735e-05 0.0
1928 41 2 6.456434742285744e-06 0.0 0.00010418232877551503 0.0
1929 41 2 5.450009710095127e-05 0.0 0.0006724651560906514 0.0
1930 41 2 0.0003919715948177416 0.0 0.0023354722708129882 0.0
1931 41 2 0.00016379714638237175 0.0 0.0013624687637207034 0.0
1932 41 2 8.659739592076221e-15 0.0 7.473961449733224e-10 0.0
1933 41 2 0.00642720235499783 0.0 0.015067266588628225 0.0
1934 41 2 4.03980597948328e-05 0.0 0.0004615797506575259 0.0
1935 41 2 0.006327068000711478 0.0 0.014650588860371072 0.0
1936 41 2 0.0005372878900820055 0.00546448087431694 0.002783228833064477 0.00546448087431694
1937 41 2 0.0001473237024391949 0.0 0.0011988044696177313 0.0
1938 41 2 9.093460817677368e-08 0.0 1.016609792170442e-05 0.0
1939 41 2 1.148503514514232e-11 0.0 1.0946334283445935e-07 0.0
1940 41 2 0.00033008756118535487 0.0 0.0016755219784938546 0.0
1941 41 2 9.229093502838293e-05 0.0 0.0009246023329662068 0.0
1942 41 2 6.081083825382194e-07 0.0 2.9039254118568003e-05 0.0
1943 41 2 0.015600354721519438 0.0 0.02933570829002896 0.0
1944 41 2 0.00016200860618897917 0.0 0.002122865824836895 0.0
1946 41 2 3.066561449216465e-10 0.0 1.8574537685722703e-07 0.0
1947 41 2 5.89961235419878e-09 0.0 1.8375463506359324e-06 0.0
1948 41 2 0.00021237926753314706 0.0 0.0013199865950710432 0.00546448087431694
1949 41 2 0.0013453246006671638 0.0 0.005403302698400725 0.0
1950 41 2 1.3564497780560458e-07 0.0 8.407368259688575e-06 0.0
1951 41 2 2.973177259946169e-13 0.0 2.8070856750161965e-09 0.0
1952 41 2 0.00014235564725506578 0.0 0.0013196192013351649 0.0
1953 41 2 0.001856613033997423 0.0 0.007280117086533644 0.0
1954 41 2 0.00010434789032398584 0.0 0.000840473253659213 0.0
1955 41 2 0.002128945278630723 0.0 0.007497272562916768 0.0
1956 41 2 1.8262768897159276e-06 0.0 5.343949745173493e-05 0.0
1957 41 2 7.387578539053141e-05 0.0 0.0008411315001743969 0.0
1958 41 2 1.6764367671839864e-13 0.0 1.434430907387707e-09 0.0
1959 41 2 2.798272724646722e-11 0.0 2.2054996828835272e-07 0.0
1960 41 2 4.440892098500626e-16 0.0 4.814815213194379e-12 0.0
1961 41 2 2.658889775020157e-10 0.0 1.1277953322341716e-06 0.0
1962 41 2 1.4744116765275095e-06 0.0 6.0288230053440195e-05 0.0
1963 41 2 0.00024769376319788705 0.0 0.0014534781006821929 0.0
1964 41 2 0.008393523101509426 0.0 0.01797488184534335 0.0
1965 41 2 1.136156424497159e-08 0.0 2.615786725335134e-06 0.0
1966 41 2 0.0005005177866815869 0.0 0.0038231076323398394 0.00546448087431694
1967 41 2 0.00474466627679182 0.0 0.010771698384736461 0.0
1968 41 2 0.00010258293839193744 0.0 0.000793038364918619 0.0
1969 41 2 6.750737671534779e-06 0.0 0.00014424143839886217 0.0
1970 41 2 2.6758595339515523e-11 0.0 1.338312753951243e-07 0.0
1971 41 2 1.4182170993137788e-09 0.0 1.0174675190155469e-06 0.0
1972 41 2 2.6823213317150874e-08 0.0 4.690926207695512e-06 0.0
1973 41 2 3.762203095902805e-05 0.0 0.0005348164413760959 0.0
1974 41 2 1.7121089435079284e-07 0.0 1.653352540009756e-05 0.0
1975 41 2 3.9349596990811975e-06 0.0 8.138552050362957e-05 0.0
1976 41 2 7.181810701695213e-11 0.0 1.3152977074160077e-07 0.0
1977 41 2 0.0005110152769592924 0.0 0.002820021345375623 0.00546448087431694
1978 41 2 3.618377963920949e-08 0.0 3.8591544306854075e-06 0.0
1979 41 2 0.003503788508077532 0.0 0.008944628344973782 0.0
1980 41 2 0.0004546182097171503 0.0 0.0030368549315162863 0.0
1981 41 2 1.328194238958691e-05 0.0 0.0002158352225828386 0.0
1982 41 2 1.1421096559605104e-05 0.0 0.00016232114519576513 0.0
1983 41 2 8.404687144025758e-07 0.0 0.00013645094352487952 0.0
1984 41 2 3.2711641052562968e-06 0.0 7.395902351725603e-05 0.0
1985 41 2 2.9170438065051485e-08 0.0 3.1097688856229766e-06 0.0
1986 41 2 2.443465428436653e-06 0.0 6.64383231502308e-05 0.0
1987 41 2 1.401979015436261e-05 0.0 0.0003301599891335494 0.0
1988 41 2 0.012234127624273339 0.0 0.0248333660807859 0.0
1989 41 2 4.343023383923672e-06 0.0 9.63325931935266e-05 0.0
1990 41 2 2.4777950802246096e-09 0.0 1.108136229222012e-06 0.0
1991 41 2 8.646022418823396e-05 0.0 0.0013116858695797484 0.0
1992 41 2 8.502119230868743e-09 0.0 1.3763006841971404e-06 0.0
1993 41 2 0.00036275430035226375 0.0 0.0031097065349049435 0.0
1994 41 2 8.748204622599509e-06 0.0 0.00019485875422642351 0.0
1995 41 2 0.006902885626963284 0.0 0.015688529674525498 0.0
1996 41 2 1.6195794705353705e-09 0.0 3.3009959876650896e-07 0.0
1997 41 2 6.263761072000662e-05 0.0 0.0004798671606351945 0.0
1998 41 2 6.661338147750939e-16 0.0 3.933142700418557e-11 0.0
1999 41 2 0.005995048948585269 0.0 0.014116576573698136 0.0
2000 41 2 5.88992408179223e-07 0.0 1.6655584177405203e-05 0.0
2001 41 2 0.00012044260215027247 0.0 0.0009150815512338761 0.00546448087431694
2002 41 2 0.00010966973296500093 0.0 0.0013515490532803875 0.0
2003 41 2 2.2796123833046522e-07 0.0 1.1214628166333895e-05 0.0
2004 41 2 2.220446049250313e-16 0.0 6.661338147750939e-16 0.0
2005 41 2 0.00012305751657670783 0.0 0.001193510323653224 0.0
2006 41 2 9.410454955882663e-05 0.0 0.0006434932547670913 0.0
2007 41 2 4.873879078104437e-14 0.0 8.831808617770776e-10 0.0
2008 41 2 4.765782390725448e-06 0.0 0.00011009301678011063 0.0
2009 41 2 2.8083040448656504e-08 0.0 1.931880047489898e-06 0.0
2010 41 2 0.008841499799097097 0.0 0.020536551087656507 0.00546448087431694
2011 41 2 0.00017561331221782606 0.0 0.0012838960045289394 0.00546448087431694
2012 41 2 0.00018639885740201478 0.0 0.0012797302603959615 0.0
2013 41 2 4.070493467167591e-05 0.0 0.00043586130529449374 0.0
2014 41 2 3.241851231905457e-14 0.0 4.906286488193246e-10 0.0
2015 41 2 2.9392623668300644e-08 0.0 7.5882222074774575e-06 0.0
2016 41 2 1.2248799863279203e-08 0.0 5.304333238531633e-06 0.0
2017 41 2 8.707230103599528e-08 0.0 7.611531749773803e-06 0.0
2018 41 2 1.1880995076651857e-08 0.0 4.0372714528169595e-06 0.0
2019 41 2 2.288505274172792e-09 0.0 8.867308272098029e-07 0.0
2020 41 2 1.2221867962125543e-09 0.0 9.984820746877787e-07 0.0
2021 41 2 9.262226285278174e-06 0.0 0.0001656075589910877 0.0
2022 41 2 9.740754369769178e-08 0.0 1.5540812649428304e-05 0.0
2023 41 2 3.111666702082516e-08 0.0 3.867164993454075e-06 0.0
1900 42 2 5.969403435335252e-06 0.0 0.0001243764214019505 0.0
1901 42 2 0.002303392019923134 0.0 0.006090462283870779 0.0
1902 42 2 4.594546965108748e-12 0.0 2.2401401844618363e-09 0.0
1903 42 2 5.571457917552536e-05 0.0 0.00028835601420351686 0.0
1904 42 2 7.3798259725421644e-09 0.0 6.995607235715795e-07 0.0
1905 42 2 1.6465360276329832e-06 0.0 3.149897924326073e-05 0.0
1906 42 2 4.298783551348606e-13 0.0 1.8583747873890388e-09 0.0
1907 42 2 2.220446049250313e-16 0.0 2.220446049250313e-16 0.0
1908 42 2 0.0023489225730187746 0.0 0.006021378095481644 0.0
1909 42 2 1.1636068611986516e-06 0.0 2.1313522227450754e-05 0.0
1910 42 2 1.2009193142148433e-06 0.0 1.9277131033668127e-05 0.0
1911 42 2 0.00010854908933621843 0.0 0.000709555796831296 0.0
1912 42 2 2.635191514110957e-06 0.0 4.742688567649367e-05 0.0
1913 42 2 3.6247114838516836e-06 0.0 5.844719737457815e-05 0.0
1914 42 2 1.6455118667657587e-07 0.0 9.820428883311472e-06 0.0
1915 42 2 0.0002979379041878616 0.0 0.0012857037233845459 0.0
1916 42 2 5.023644347401657e-06 0.0 7.074023133879503e-05 0.0
1917 42 2 8.733337665045582e-06 0.0 0.00010827088800713369 0.0
1918 42 2 0.00022102414368097012 0.0 0.0010624997871987452 0.0
1919 42 2 8.575471350358299e-05 0.0 0.0005143617655862798 0.0
1920 42 2 2.7711166694643907e-13 0.0 8.764098335944936e-10 0.0
1921 42 2 2.9671643534401326e-06 0.0 6.031765693848001e-05 0.0
1922 42 2 7.861229112116064e-09 0.0 7.566046998919163e-07 0.0
1923 42 2 2.357729483037918e-05 0.0 0.0002485397435593173 0.0
1924 42 2 0.00021381412418830514 0.0 0.0009669082109236005 0.0
1925 42 2 2.308764844261013e-05 0.0 0.00024360600377493213 0.0
1926 42 2 0.00010874395270155102 0.0 0.0006180223638866389 0.0
1927 42 2 3.1126389732349935e-07 0.0 6.624900178664461e-06 0.0
1928 42 2 1.3398368541306382e-06 0.0 2.7541151734533642e-05 0.0
1929 42 2 1.2770014491847448e-05 0.0 0.00020409221804207345 0.0
1930 42 2 0.00014229624485462278 0.0 0.0009955531403377238 0.0
1931 42 2 4.8644557163024515e-05 0.0 0.0004970653067363218 0.0
1932 42 2 2.220446049250313e-16 0.0 3.6369796063695503e-12 0.0
1933 42 2 0.004047663271820712 0.0 0.009959914237948952 0.0
1934 42 2 1.0092699662012095e-05 0.0 0.0001443718396709759 0.0
1935 42 2 0.004011974522078576 0.0 0.009742183756972111 0.0
1936 42 2 0.0002123176217980749 0.0 0.0012662341280380573 0.00546448087431694
1937 42 2 4.4557184448179576e-05 0.0 0.0004411549944874915 0.0
1938 42 2 5.796496171939225e-09 0.0 1.095216902613494e-06 0.0
1939 42 2 4.463096558993129e-14 0.0 1.5460710489634266e-09 0.0
1940 42 2 0.00013346455380169875 0.0 0.0007668927589135066 0.0
1941 42 2 2.4703963938166318e-05 0.0 0.00030849050164072356 0.0
1942 42 2 6.549921260923242e-08 0.0 4.632456872766255e-06 0.0
1943 42 2 0.011114514384937824 0.0 0.0215584669841975 0.0
1944 42 2 3.473045591184665e-05 0.0 0.0006370703029714431 0.0
1946 42 2 7.461364859295827e-12 0.0 8.94338270107653e-09 0.0
1947 42 2 2.0342350026680833e-10 0.0 1.226882053728673e-07 0.0
1948 42 2 7.613278627149889e-05 0.0 0.000549436521955271 0.0
1949 42 2 0.0006177460188273587 0.0 0.0027708725635872122 0.0
1950 42 2 1.2749732158923166e-08 0.0 1.1796333095892564e-06 0.0
1951 42 2 1.6653345369377348e-15 0.0 3.744116128245878e-11 0.0
1952 42 2 3.9495400466660335e-05 0.0 0.0004581227202662408 0.0
1953 42 2 0.0008579115529681047 0.0 0.0037851496107248472 0.0
1954 42 2 3.209747337429292e-05 0.0 0.0003096943216911452 0.0
1955 42 2 0.0010543690798211491 0.0 0.004092526046790224 0.0
1956 42 2 2.634398843515129e-07 0.0 1.072155565329247e-05 0.0
1957 42 2 1.817774476409184e-05 0.0 0.00026499160699666735 0.0
1958 42 2 1.1102230246251565e-15 0.0 1.98481231450387e-11 0.0
1959 42 2 1.1945999744966684e-13 0.0 3.4247770175355186e-09 0.0
1960 42 2 3.3306690738754696e-16 0.0 1.7541523789077473e-14 0.0
1961 42 2 1.556421658222007e-12 0.0 2.3802557036489702e-08 0.0
1962 42 2 1.7101825433574191e-07 0.0 1.0404020599041885e-05 0.0
1963 42 2 9.200756502636409e-05 0.0 0.0006212528516789106 0.0
1964 42 2 0.0055702454800474754 0.0 0.012402789527089952 0.0
1965 42 2 4.738730519093792e-10 0.0 2.0052605576026394e-07 0.0
1966 42 2 0.00015124165327329298 0.0 0.0014671243620605345 0.0
1967 42 2 0.003056176850397274 0.0 0.007220286473040627 0.0
1968 42 2 3.253359952504198e-05 0.0 0.00029730278303019553 0.0
1969 42 2 1.1695581551007805e-06 0.0 3.3576007423485876e-05 0.0
1970 42 2 1.609823385706477e-13 0.0 2.5115896029603846e-09 0.0
1971 42 2 2.880051752640611e-11 0.0 4.645221007848477e-08 0.0
1972 42 2 1.3096185247363223e-09 0.0 4.0985286875461213e-07 0.0
1973 42 2 8.108948712060027e-06 0.0 0.00015186047196302788 0.0
1974 42 2 1.18168231866278e-08 0.0 1.9123795147457656e-06 0.0
1975 42 2 7.030598607737915e-07 0.0 1.9164370711921563e-05 0.0
1976 42 2 8.530953721219703e-13 0.0 3.844729867807928e-09 0.0
1977 42 2 0.00019427972884733524 0.0 0.0012458858315846921 0.0
1978 42 2 2.4584819735551378e-09 0.0 4.201085720412223e-07 0.0
1979 42 2 0.002113035764222948 0.0 0.0056675764428402164 0.0
1980 42 2 0.0001525737244421066 0.0 0.0012311097164149354 0.0
1981 42 2 2.7117573907498027e-06 0.0 5.709274984799784e-05 0.0
1982 42 2 2.5489838605396997e-06 0.0 4.558205956595174e-05 0.0
1983 42 2 3.571479478825523e-08 0.0 1.3093467925773261e-05 0.0
1984 42 2 5.541303299549938e-07 0.0 1.6705253116700014e-05 0.0
1985 42 2 2.005731136733857e-09 0.0 3.373178804055854e-07 0.0
1986 42 2 3.6980587636570306e-07 0.0 1.3776750649618918e-05 0.0
1987 42 2 2.197246877777559e-06 0.0 7.443743327839591e-05 0.0
1988 42 2 0.008352607766329179 0.0 0.01759090827735943 0.0
1989 42 2 7.397047294688264e-07 0.0 2.1997173390575497e-05 0.0
1990 42 2 6.879485869859536e-11 0.0 6.248241168904656e-08 0.0
1991 42 2 1.7266802435189632e-05 0.0 0.000365633335420501 0.0
1992 42 2 4.5573411711075096e-10 0.0 1.227733487096927e-07 0.0
1993 42 2 0.00010268814033509432 0.0 0.0011293401435598094 0.0
1994 42 2 1.4596541482170267e-06 0.0 4.4668503172862195e-05 0.0
1995 42 2 0.004431579789700102 0.0 0.01051994928480171 0.0
1996 42 2 7.805867063837013e-11 0.0 2.6169171607470787e-08 0.0
1997 42 2 2.013106899478867e-05 0.0 0.00018019996070706146 0.0
1998 42 2 2.220446049250313e-16 0.0 1.851852005074761e-13 0.0
1999 42 2 0.003774104328285066 0.0 0.009305471448524005 0.0
2000 42 2 8.971962672799094e-08 0.0 3.3580893183948746e-06 0.0
2001 42 2 3.840395136589514e-05 0.0 0.00034640953354592163 0.0
2002 42 2 2.5095925123452822e-05 0.0 0.000413638168892283 0.0
2003 42 2 2.464909654165126e-08 0.0 1.7519038719715496e-06 0.0
2004 42 2 2.220446049250313e-16 0.0 2.220446049250313e-16 0.0
2005 42 2 3.3297833806122945e-05 0.0 0.0004054052227522309 0.0
2006 42 2 3.2361823824822444e-05 0.0 0.000254862188461491 0.0
2007 42 2 4.440892098500626e-16 0.0 8.662626171940246e-12 0.0
2008 42 2 7.889043637243631e-07 0.0 2.469981750718997e-05 0.0
2009 42 2 2.5768277511772908e-09 0.0 2.549608828505967e-07 0.0
2010 42 2 0.005592117250326711 0.0 0.01363990147029237 0.0
2011 42 2 5.696791294884651e-05 0.0 0.0004957768111247818 0.0
2012 42 2 6.297228190643711e-05 0.0 0.0005084201257331555 0.0
2013 42 2 1.0626200652619211e-05 0.0 0.0001402967231258767 0.0
2014 42 2 3.3306690738754696e-16 0.0 5.172751116333529e-12 0.0
2015 42 2 1.0906213709915846e-09 0.0 5.601351386053111e-07 0.0
2016 42 2 3.2305325081694036e-10 0.0 3.106676876862835e-07 0.0
2017 42 2 6.603257829418396e-09 0.0 9.120352638669615e-07 0.0
2018 42 2 3.738849230217056e-10 0.0 2.621323550444643e-07 0.0
2019 42 2 7.068856611169849e-11 0.0 5.310348172304913e-08 0.0
2020 42 2 2.269961996148595e-11 0.0 4.306155210187512e-08 0.0
2021 42 2 1.7891109018730589e-06 0.0 4.186821957896658e-05 0.0
2022 42 2 4.812812814947165e-09 0.0 1.4372474456125772e-06 0.0
2023 42 2 1.923899262123996e-09 0.0 3.9229630843795604e-07 0.0
1900 43 2 1.0468952836850676e-06 0.0 2.9321409928617648e-05 0.0
1901 43 2 0.001359895630179353 0.0 0.003796327543212019 0.0
1902 43 2 1.4377388168895777e-13 0.0 1.1474032834968284e-10 0.0
1903 43 2 2.287502119724394e-05 0.0 0.00012964780844682 0.0
1904 43 2 5.646619838373113e-10 0.0 7.921064981708525e-08 0.0
1905 43 2 3.155334282745059e-07 0.0 7.63456488617198e-06 0.0
1906 43 2 3.552713678800501e-15 0.0 3.507660828461212e-11 0.0
1907 43 2 2.220446049250313e-16 0.0 2.220446049250313e-16 0.0
1908 43 2 0.0014172611896693388 0.0 0.003804197159714473 0.0
1909 43 2 2.3050678177316541e-07 0.0 5.259610473373755e-06 0.0
1910 43 2 2.5914526446957353e-07 0.0 5.049036298943044e-06 0.0
1911 43 2 3.808862284715442e-05 0.0 0.0002876447786277492 0.0
1912 43 2 5.199954644652394e-07 0.0 1.1855896963730572e-05 0.0
1913 43 2 7.630675986636248e-07 0.0 1.5386270293071824e-05 0.0
1914 43 2 1.5755539539696883e-08 0.0 1.4043641385352856e-06 0.0
1915 43 2 0.00013389691076692856 0.0 0.00063313874586024 0.0
1916 43 2 1.1442567093844502e-06 0.0 1.985505246149266e-05 0.0
1917 43 2 2.131983314335173e-06 0.0 3.23262505877997e-05 0.0
1918 43 2 9.323122471738277e-05 0.0 0.0004972710246786693 0.0
1919 43 2 3.194801834283112e-05 0.0 0.00021647950670067306 0.0
1920 43 2 3.1086244689504383e-15 0.0 1.8917312161192967e-11 0.0
1921 43 2 5.417891020265131e-07 0.0 1.4265778924493766e-05 0.0
1922 43 2 5.971811933846993e-10 0.0 8.501083814671517e-08 0.0
1923 43 2 6.283726251554711e-06 0.0 8.029328184888662e-05 0.0
1924 43 2 9.362581061067576e-05 0.0 0.0004655269643139004 0.0
1925 43 2 6.155053235201713e-06 0.0 7.864315962935464e-05 0.0
1926 43 2 4.1708008400198615e-05 0.0 0.0002670228560842647 0.0
1927 43 2 5.74251803886483e-08 0.0 1.5147572705043189e-06 0.0
1928 43 2 2.457583450077294e-07 0.0 6.456434742285744e-06 0.0
1929 43 2 2.619521938029834e-06 0.0 5.450009710095127e-05 0.0
1930 43 2 4.7559280245024205e-05 0.0 0.0003919715948177416 0.0
1931 43 2 1.2995063150000874e-05 0.0 0.00016379714638237175 0.0
1932 43 2 2.220446049250313e-16 0.0 8.659739592076221e-15 0.0
1933 43 2 0.0024870462614619004 0.0 0.00642720235499783 0.0
1934 43 2 2.247439114699823e-06 0.0 4.03980597948328e-05 0.0
1935 43 2 0.00248312409815743 0.0 0.006327068000711478 0.0
1936 43 2 7.803588537580453e-05 0.0 0.0005372878900820055 0.00546448087431694
1937 43 2 1.2183868733695036e-05 0.0 0.0001473237024391949 0.0
1938 43 2 2.828036693713898e-10 0.0 9.093460817677368e-08 0.0
1939 43 2 3.3306690738754696e-16 0.0 1.148503514514232e-11 0.0
1940 43 2 5.0644824365786434e-05 0.0 0.00033008756118535487 0.0
1941 43 2 5.905731535360559e-06 0.0 9.229093502838293e-05 0.0
1942 43 2 5.775065425872583e-09 0.0 6.081083825382194e-07 0.0
1943 43 2 0.007795333213034938 0.0 0.015600354721519438 0.0
1944 43 2 6.250133705032468e-06 0.0 0.00016200860618897917 0.0
1946 43 2 1.2856382625159313e-13 0.0 3.066561449216465e-10 0.0
1947 43 2 5.012879000787507e-12 0.0 5.89961235419878e-09 0.0
1948 43 2 2.5280914072611793e-05 0.0 0.00021237926753314706 0.0
1949 43 2 0.000268003838294284 0.0 0.0013453246006671638 0.0
1950 43 2 9.775090736852121e-10 0.0 1.3564497780560458e-07 0.0
1951 43 2 2.220446049250313e-16 0.0 2.973177259946169e-13 0.0
1952 43 2 9.76320030587896e-06 0.0 0.00014235564725506578 0.0
1953 43 2 0.0003730018074953323 0.0 0.001856613033997423 0.0
1954 43 2 9.001038780209747e-06 0.0 0.00010434789032398584 0.0
1955 43 2 0.0004966998847643067 0.0 0.002128945278630723 0.0
1956 43 2 3.2113975700909236e-08 0.0 1.8262768897159276e-06 0.0
1957 43 2 3.9391494108809155e-06 0.0 7.387578539053141e-05 0.0
1958 43 2 2.220446049250313e-16 0.0 1.6764367671839864e-13 0.0
1959 43 2 4.440892098500626e-16 0.0 2.798272724646722e-11 0.0
1960 43 2 4.440892098500626e-16 0.0 4.440892098500626e-16 0.0
1961 43 2 4.9960036108132044e-15 0.0 2.658889775020157e-10 0.0
1962 43 2 1.6192362672917682e-08 0.0 1.4744116765275095e-06 0.0
1963 43 2 3.1808041758729644e-05 0.0 0.00024769376319788705 0.0
1964 43 2 0.0036245077683230154 0.0 0.008393523101509426 0.0
1965 43 2 1.4503953593703045e-11 0.0 1.136156424497159e-08 0.0
1966 43 2 4.0354849022206096e-05 0.0 0.0005005177866815869 0.0
1967 43 2 0.001929384168563919 0.0 0.00474466627679182 0.0
1968 43 2 9.472422345724318e-06 0.0 0.00010258293839193744 0.0
1969 43 2 1.7425494269751596e-07 0.0 6.750737671534779e-06 0.0
1970 43 2 8.881784197001252e-16 0.0 2.6758595339515523e-11 0.0
1971 43 2 3.8768988019910466e-13 0.0 1.4182170993137788e-09 0.0
1972 43 2 4.754974192167083e-11 0.0 2.6823213317150874e-08 0.0
1973 43 2 1.517031910203137e-06 0.0 3.762203095902805e-05 0.0
1974 43 2 6.267744101506878e-10 0.0 1.7121089435079284e-07 0.0
1975 43 2 1.0912078796110336e-07 0.0 3.9349596990811975e-06 0.0
1976 43 2 6.5503158452884236e-15 0.0 7.181810701695213e-11 0.0
1977 43 2 6.836939238941131e-05 0.0 0.0005110152769592924 0.0
1978 43 2 1.314590658552106e-10 0.0 3.618377963920949e-08 0.0
1979 43 2 0.0012428960703958492 0.0 0.003503788508077532 0.0
1980 43 2 4.6446454049386965e-05 0.0 0.0004546182097171503 0.0
1981 43 2 4.850492196784018e-07 0.0 1.328194238958691e-05 0.0
1982 43 2 5.059865639811534e-07 0.0 1.1421096559605104e-05 0.0
1983 43 2 9.970548831006454e-10 0.0 8.404687144025758e-07 0.0
1984 43 2 8.106097015847524e-08 0.0 3.2711641052562968e-06 0.0
1985 43 2 1.0941725303581507e-10 0.0 2.9170438065051485e-08 0.0
1986 43 2 4.76656853987123e-08 0.0 2.443465428436653e-06 0.0
1987 43 2 2.856533600770206e-07 0.0 1.401979015436261e-05 0.0
1988 43 2 0.0055972384980820244 0.0 0.012234127624273339 0.0
1989 43 2 1.0847886278142482e-07 0.0 4.343023383923672e-06 0.0
1990 43 2 1.3328227410625004e-12 0.0 2.4777950802246096e-09 0.0
1991 43 2 2.9018691383164708e-06 0.0 8.646022418823396e-05 0.0
1992 43 2 1.8864354522918347e-11 0.0 8.502119230868743e-09 0.0
1993 43 2 2.554214886019146e-05 0.0 0.00036275430035226375 0.0
1994 43 2 2.0701064706862837e-07 0.0 8.748204622599509e-06 0.0
1995 43 2 0.002783105093483229 0.0 0.006902885626963284 0.0
1996 43 2 2.9242164245602e-12 0.0 1.6195794705353705e-09 0.0
1997 43 2 5.976127462892222e-06 0.0 6.263761072000662e-05 0.0
1998 43 2 2.220446049250313e-16 0.0 6.661338147750939e-16 0.0
1999 43 2 0.0023212979547792 0.0 0.005995048948585269 0.0
2000 43 2 1.185271480963479e-08 0.0 5.88992408179223e-07 0.0
2001 43 2 1.1215409080667094e-05 0.0 0.00012044260215027247 0.0
2002 43 2 4.941302329530828e-06 0.0 0.00010966973296500093 0.0
2003 43 2 2.210455818385526e-09 0.0 2.2796123833046522e-07 0.0
2004 43 2 2.220446049250313e-16 0.0 2.220446049250313e-16 0.0
2005 43 2 8.015302157993176e-06 0.0 0.00012305751657670783 0.0
2006 43 2 1.0356181742277037e-05 0.0 9.410454955882663e-05 0.0
2007 43 2 2.220446049250313e-16 0.0 4.873879078104437e-14 0.0
2008 43 2 1.1181298908979898e-07 0.0 4.765782390725448e-06 0.0
2009 43 2 1.966664608943347e-10 0.0 2.8083040448656504e-08 0.0
2010 43 2 0.003450455567652 0.0 0.008841499799097097 0.0
2011 43 2 1.6900284417253886e-05 0.0 0.00017561331221782606 0.0
2012 43 2 1.957933700802439e-05 0.0 0.00018639885740201478 0.0
2013 43 2 2.4922346483213786e-06 0.0 4.070493467167591e-05 0.0
2014 43 2 2.220446049250313e-16 0.0 3.241851231905457e-14 0.0
2015 43 2 2.849942504212777e-11 0.0 2.9392623668300644e-08 0.0
2016 43 2 5.672462499717312e-12 0.0 1.2248799863279203e-08 0.0
2017 43 2 3.968134709708693e-10 0.0 8.707230103599528e-08 0.0
2018 43 2 8.135714324453147e-12 0.0 1.1880995076651857e-08 0.0
2019 43 2 1.5604184611106575e-12 0.0 2.288505274172792e-09 0.0
2020 43 2 2.7489122089718876e-13 0.0 1.2221867962125543e-09 0.0
2021 43 2 3.0121095839774625e-07 0.0 9.262226285278174e-06 0.0
2022 43 2 1.726664367041053e-10 0.0 9.740754369769178e-08 0.0
2023 43 2 9.249212507000948e-11 0.0 3.111666702082516e-08 0.0
1900 45 2 2.0423685964665594e-08 0.0 1.0468952836850676e-06 0.0
1901 45 2 0.0004361308056842761 0.0 0.001359895630179353 0.0
1902 45 2 3.3306690738754696e-16 0.0 1.4377388168895777e-13 0.0
1903 45 2 3.358036804956832e-06 0.0 2.287502119724394e-05 0.0
1904 45 2 1.8203216711754067e-12 0.0 5.646619838373113e-10 0.0
1905 45 2 8.09198341666928e-09 0.0 3.155334282745059e-07 0.0
1906 45 2 1.1102230246251565e-16 0.0 3.552713678800501e-15 0.0
1907 45 2 2.220446049250313e-16 0.0 2.220446049250313e-16 0.0
1908 45 2 0.0004811883455829724 0.0 0.0014172611896693388 0.0
1909 45 2 6.467965607548365e-09 0.0 2.3050678177316541e-07 0.0
1910 45 2 8.98228647017163e-09 0.0 2.5914526446957353e-07 0.0
1911 45 2 3.7553299822024044e-06 0.0 3.808862284715442e-05 0.0
1912 45 2 1.4098013201291337e-08 0.0 5.199954644652394e-07 0.0
1913 45 2 2.4019152444765268e-08 0.0 7.630675986636248e-07 0.0
1914 45 2 7.816813862859817e-11 0.0 1.5755539539696883e-08 0.0
1915 45 2 2.35091823505007e-05 0.0 0.00013389691076692856 0.0
1916 45 2 4.3119446679895646e-08 0.0 1.1442567093844502e-06 0.0
1917 45 2 9.331319072991562e-08 0.0 2.131983314335173e-06 0.0
1918 45 2 1.4143861804982727e-05 0.0 9.323122471738277e-05 0.0
1919 45 2 3.6783876876667065e-06 0.0 3.194801834283112e-05 0.0
1920 45 2 3.3306690738754696e-16 0.0 3.1086244689504383e-15 0.0
1921 45 2 1.2153586803620442e-08 0.0 5.417891020265131e-07 0.0
1922 45 2 1.899369550528718e-12 0.0 5.971811933846993e-10 0.0
1923 45 2 3.321510636533631e-07 0.0 6.283726251554711e-06 0.0
1924 45 2 1.552375886948454e-05 0.0 9.362581061067576e-05 0.0
1925 45 2 3.2607325406441845e-07 0.0 6.155053235201713e-06 0.0
1926 45 2 5.111005826230475e-06 0.0 4.1708008400198615e-05 0.0
1927 45 2 1.4098446854404756e-09 0.0 5.74251803886483e-08 0.0
1928 45 2 5.6818956206683424e-09 0.0 2.457583450077294e-07 0.0
1929 45 2 7.342491159523235e-08 0.0 2.619521938029834e-06 0.0
1930 45 2 4.1255602090117804e-06 0.0 4.7559280245024205e-05 0.0
1931 45 2 6.70889379938977e-07 0.0 1.2995063150000874e-05 0.0
1932 45 2 2.220446049250313e-16 0.0 2.220446049250313e-16 0.0
1933 45 2 0.0008711732166915009 0.0 0.0024870462614619004 0.0
1934 45 2 7.848026339907221e-08 0.0 2.247439114699823e-06 0.0
1935 45 2 0.0008836515805843437 0.0 0.00248312409815743 0.0
1936 45 2 8.445586980543318e-06 0.0 7.803588537580453e-05 0.0
1937 45 2 6.695161439695951e-07 0.0 1.2183868733695036e-05 0.0
1938 45 2 2.992051051364797e-13 0.0 2.828036693713898e-10 0.0
1939 45 2 2.220446049250313e-16 0.0 3.3306690738754696e-16 0.0
1940 45 2 6.008627782549958e-06 0.0 5.0644824365786434e-05 0.0
1941 45 2 2.390109052896605e-07 0.0 5.905731535360559e-06 0.0
1942 45 2 2.444633384612871e-11 0.0 5.775065425872583e-09 0.0
1943 45 2 0.0036568169352733104 0.0 0.007795333213034938 0.0
1944 45 2 1.182224685924993e-07 0.0 6.250133705032468e-06 0.0
1946 45 2 2.220446049250313e-16 0.0 1.2856382625159313e-13 0.0
1947 45 2 1.4432899320127035e-15 0.0 5.012879000787507e-12 0.0
1948 45 2 2.2071356025055167e-06 0.0 2.5280914072611793e-05 0.0
1949 45 2 4.2402832063803686e-05 0.0 0.000268003838294284 0.0
1950 45 2 3.0978553056115743e-12 0.0 9.775090736852121e-10 0.0
1951 45 2 3.3306690738754696e-16 0.0 2.220446049250313e-16 0.0
1952 45 2 4.191632838601578e-07 0.0 9.76320030587896e-06 0.0
1953 45 2 5.848851738021743e-05 0.0 0.0003730018074953323 0.0
1954 45 2 5.338852836489494e-07 0.0 9.001038780209747e-06 0.0
1955 45 2 9.457954404901159e-05 0.0 0.0004966998847643067 0.0
1956 45 2 2.861125780739826e-10 0.0 3.2113975700909236e-08 0.0
1957 45 2 1.2548061745221162e-07 0.0 3.9391494108809155e-06 0.0
1958 45 2 2.220446049250313e-16 0.0 2.220446049250313e-16 0.0
1959 45 2 2.220446049250313e-16 0.0 4.440892098500626e-16 0.0
1960 45 2 3.3306690738754696e-16 0.0 4.440892098500626e-16 0.0
1961 45 2 2.220446049250313e-16 0.0 4.9960036108132044e-15 0.0
1962 45 2 7.830225356997289e-11 0.0 1.6192362672917682e-08 0.0
1963 45 2 3.053767591243428e-06 0.0 3.1808041758729644e-05 0.0
1964 45 2 0.0014458285963752093 0.0 0.0036245077683230154 0.0
1965 45 2 5.662137425588298e-15 0.0 1.4503953593703045e-11 0.0
1966 45 2 1.9590585457196497e-06 0.0 4.0354849022206096e-05 0.0
1967 45 2 0.0007236157773270468 0.0 0.001929384168563919 0.0
1968 45 2 6.189211563256691e-07 0.0 9.472422345724318e-06 0.0
1969 45 2 2.4448872926186027e-09 0.0 1.7425494269751596e-07 0.0
1970 45 2 1.4765966227514582e-14 0.0 8.881784197001252e-16 0.0
1971 45 2 3.3306690738754696e-16 0.0 3.8768988019910466e-13 0.0
1972 45 2 2.5646151868841116e-14 0.0 4.754974192167083e-11 0.0
1973 45 2 3.4462523168521386e-08 0.0 1.517031910203137e-06 0.0
1974 45 2 7.928102618848243e-13 0.0 6.267744101506878e-10 0.0
1975 45 2 1.713702180161647e-09 0.0 1.0912078796110336e-07 0.0
1976 45 2 1.1102230246251565e-16 0.0 6.5503158452884236e-15 0.0
1977 45 2 6.684298368697661e-06 0.0 6.836939238941131e-05 0.0
1978 45 2 1.8207657603852567e-13 0.0 1.314590658552106e-10 0.0
1979 45 2 0.00039876988993636786 0.0 0.0012428960703958492 0.0
1980 45 2 3.19199485421251e-06 0.0 4.6446454049386965e-05 0.0
1981 45 2 1.0376046466475941e-08 0.0 4.850492196784018e-07 0.0
1982 45 2 1.3962200950956571e-08 0.0 5.059865639811534e-07 0.0
1983 45 2 2.1593837828959295e-13 0.0 9.970548831006454e-10 0.0
1984 45 2 1.1107381681085826e-09 0.0 8.106097015847524e-08 0.0
1985 45 2 1.6153745008296028e-13 0.0 1.0941725303581507e-10 0.0
1986 45 2 4.861573366099492e-10 0.0 4.76656853987123e-08 0.0
1987 45 2 2.7290675275182252e-09 0.0 2.856533600770206e-07 0.0
1988 45 2 0.0023755545942187872 0.0 0.0055972384980820244 0.0
1989 45 2 1.480324862690452e-09 0.0 1.0847886278142482e-07 0.0
1990 45 2 4.440892098500626e-16 0.0 1.3328227410625004e-12 0.0
1991 45 2 4.830798960853144e-08 0.0 2.9018691383164708e-06 0.0
1992 45 2 1.4988010832439613e-14 0.0 1.8864354522918347e-11 0.0
1993 45 2 1.0620104898828586e-06 0.0 2.554214886019146e-05 0.0
1994 45 2 2.5383386503818883e-09 0.0 2.0701064706862837e-07 0.0
1995 45 2 0.0010269774572235768 0.0 0.002783105093483229 0.0
1996 45 2 2.1094237467877974e-15 0.0 2.9242164245602e-12 0.0
1997 45 2 4.136598993342844e-07 0.0 5.976127462892222e-06 0.0
1998 45 2 2.220446049250313e-16 0.0 2.220446049250313e-16 0.0
1999 45 2 0.0008184670218388534 0.0 0.0023212979547792 0.0
2000 45 2 1.343273270393297e-10 0.0 1.185271480963479e-08 0.0
2001 45 2 7.317377545001946e-07 0.0 1.1215409080667094e-05 0.0
2002 45 2 1.2087013745443187e-07 0.0 4.941302329530828e-06 0.0
2003 45 2 1.0078382572942246e-11 0.0 2.210455818385526e-09 0.0
2004 45 2 2.220446049250313e-16 0.0 2.220446049250313e-16 0.0
2005 45 2 3.248133911837314e-07 0.0 8.015302157993176e-06 0.0
2006 45 2 8.521178239684346e-07 0.0 1.0356181742277037e-05 0.0
2007 45 2 2.220446049250313e-16 0.0 2.220446049250313e-16 0.0
2008 45 2 1.4008296744805193e-09 0.0 1.1181298908979898e-07 0.0
2009 45 2 6.5625282985593e-13 0.0 1.966664608943347e-10 0.0
2010 45 2 0.0012187782881477593 0.0 0.003450455567652 0.0
2011 45 2 1.1323212895097967e-06 0.0 1.6900284417253886e-05 0.0
2012 45 2 1.4692941519012237e-06 0.0 1.957933700802439e-05 0.0
2013 45 2 9.892729080362983e-08 0.0 2.4922346483213786e-06 0.0
2014 45 2 2.220446049250313e-16 0.0 2.220446049250313e-16 0.0
2015 45 2 6.994405055138486e-15 0.0 2.849942504212777e-11 0.0
2016 45 2 6.661338147750939e-16 0.0 5.672462499717312e-12 0.0
2017 45 2 7.078782005009998e-13 0.0 3.968134709708693e-10 0.0
2018 45 2 1.5543122344752192e-15 0.0 8.135714324453147e-12 0.0
2019 45 2 6.661338147750939e-16 0.0 1.5604184611106575e-12 0.0
2020 45 2 2.220446049250313e-16 0.0 2.7489122089718876e-13 0.0
2021 45 2 5.620376608561628e-09 0.0 3.0121095839774625e-07 0.0
2022 45 2 8.43769498715119e-14 0.0 1.726664367041053e-10 0.0
2023 45 2 9.992007221626409e-14 0.0 9.249212507000948e-11 0.0
1900 48 2 1.745226185789761e-11 0.0 2.2648687370008247e-09 0.0
1901 48 2 6.405409510201743e-05 0.0 0.00023677541352762344 0.0
1902 48 2 3.3306690738754696e-16 0.0 3.3306690738754696e-16 0.0
1903 48 2 1.3305675961028385e-07 0.0 1.1998858100437104e-06 0.0
1904 48 2 3.3306690738754696e-16 0.0 7.66053886991358e-14 0.0
1905 48 2 1.3365308859647484e-11 0.0 1.080858069713031e-09 0.0
1906 48 2 1.1102230246251565e-16 0.0 1.1102230246251565e-16 0.0
1907 48 2 2.220446049250313e-16 0.0 2.220446049250313e-16 0.0
1908 48 2 7.982820851137884e-05 0.0 0.0002707071384122628 0.0
1909 48 2 1.2991385744953732e-11 0.0 9.146431390050225e-10 0.0
1910 48 2 2.7448487927017595e-11 0.0 1.4408498838491823e-09 0.0
1911 48 2 6.594961987627102e-08 0.0 1.0534702904463344e-06 0.0
1912 48 2 2.5102364631379714e-11 0.0 1.9330819167606705e-09 0.0
1913 48 2 5.6264770620373383e-11 0.0 3.5844827106501498e-09 0.0
1914 48 2 5.995204332975845e-15 0.0 4.037437051351844e-12 0.0
1915 48 2 1.2110136760057344e-06 0.0 9.17649207576865e-06 0.0
1916 48 2 1.4001089176929327e-10 0.0 7.120672051996735e-09 0.0
1917 48 2 3.8977743255230735e-10 0.0 1.6698553761962387e-08 0.0
1918 48 2 5.568240876163699e-07 0.0 5.081516445182288e-06 0.0
1919 48 2 8.932204220712947e-08 0.0 1.1354656606066271e-06 0.0
1920 48 2 3.3306690738754696e-16 0.0 3.3306690738754696e-16 0.0
1921 48 2 1.492383994161628e-11 0.0 1.4897131306312872e-09 0.0
1922 48 2 2.220446049250313e-16 0.0 7.938094626069869e-14 0.0
1923 48 2 1.902116353313943e-09 0.0 6.574777677847976e-08 0.0
1924 48 2 7.240187003265675e-07 0.0 5.872705054699168e-06 0.0
1925 48 2 1.881571565220952e-09 0.0 6.467100155393979e-08 0.0
1926 48 2 1.3768615958476005e-07 0.0 1.6310157345822418e-06 0.0
1927 48 2 2.37565522809291e-12 0.0 1.8735635265443307e-10 0.0
1928 48 2 7.710942995231562e-12 0.0 7.147510361349418e-10 0.0
1929 48 2 1.2229295354160286e-10 0.0 1.0003926242951877e-08 0.0
1930 48 2 5.520756951593597e-08 0.0 1.0685531496301692e-06 0.0
1931 48 2 3.442141127685261e-09 0.0 1.2932768700402164e-07 0.0
1932 48 2 2.220446049250313e-16 0.0 2.220446049250313e-16 0.0
1933 48 2 0.00014927570590139716 0.0 0.0004964226924637494 0.0
1934 48 2 2.0981327786273596e-10 0.0 1.2279375960488892e-08 0.0
1935 48 2 0.00015550202748071396 0.0 0.0005078310011794596 0.0
1936 48 2 1.7056746004495693e-07 0.0 2.4823965268927495e-06 0.0
1937 48 2 3.929730096885464e-09 0.0 1.3423732991846293e-07 0.0
1938 48 2 2.220446049250313e-16 0.0 6.661338147750939e-15 0.0
1939 48 2 2.220446049250313e-16 0.0 2.220446049250313e-16 0.0
1940 48 2 1.498596199356328e-07 0.0 1.876082266871748e-06 0.0
1941 48 2 8.075149438013796e-10 0.0 4.0365220610460995e-08 0.0
1942 48 2 1.7763568394002505e-15 0.0 1.1705081348623025e-12 0.0
1943 48 2 0.0010419765101623568 0.0 0.0024453698789297373 0.0
1944 48 2 7.750255992533539e-11 0.0 1.236472613186379e-08 0.0
1946 48 2 1.1102230246251565e-16 0.0 1.1102230246251565e-16 0.0
1947 48 2 3.3306690738754696e-16 0.0 3.3306690738754696e-16 0.0
1948 48 2 3.13950230257376e-08 0.0 5.793397704900727e-07 0.0
1949 48 2 1.7113771355603546e-06 0.0 1.5441705770724568e-05 0.0
1950 48 2 3.3306690738754696e-16 0.0 1.2778667013435552e-13 0.0
1951 48 2 2.220446049250313e-16 0.0 3.3306690738754696e-16 0.0
1952 48 2 1.5138179598750412e-09 0.0 7.260131384967394e-08 0.0
1953 48 2 2.24756243594193e-06 0.0 2.1056656136941854e-05 0.0
1954 48 2 3.759759836796661e-09 0.0 1.1270800270857251e-07 0.0
1955 48 2 5.309526595387304e-06 0.0 3.817940834582867e-05 0.0
1956 48 2 6.583622536027178e-14 0.0 2.0855650539886028e-11 0.0
1957 48 2 2.651496799899178e-10 0.0 1.8393737866162496e-08 0.0
1958 48 2 2.220446049250313e-16 0.0 2.220446049250313e-16 0.0
1959 48 2 2.220446049250313e-16 0.0 2.220446049250313e-16 0.0
1960 48 2 3.3306690738754696e-16 0.0 4.440892098500626e-16 0.0
1961 48 2 2.220446049250313e-16 0.0 2.220446049250313e-16 0.0
1962 48 2 5.662137425588298e-15 0.0 3.986366792219087e-12 0.0
1963 48 2 5.1982860016508425e-08 0.0 8.467772085740677e-07 0.0
1964 48 2 0.0003133448918830606 0.0 0.0008861630881880078 0.0
1965 48 2 3.3306690738754696e-16 0.0 4.440892098500626e-16 0.0
1966 48 2 7.832792858764037e-09 0.0 3.550559298792777e-07 0.0
1967 48 2 0.00014257452807187043 0.0 0.0004298041730098623 0.0
1968 48 2 5.329412022803126e-09 0.0 1.386656497404104e-07 0.0
1969 48 2 1.2682077610293163e-12 0.0 2.2965307433508997e-10 0.0
1970 48 2 3.3306690738754696e-16 0.0 3.3306690738754696e-16 0.0
1971 48 2 2.220446049250313e-16 0.0 2.220446049250313e-16 0.0
1972 48 2 1.1102230246251565e-16 0.0 5.551115123125783e-16 0.0
1973 48 2 3.923283919959886e-11 0.0 4.172320711148814e-09 0.0
1974 48 2 2.220446049250313e-16 0.0 1.8984813721090177e-14 0.0
1975 48 2 1.1396439347777232e-12 0.0 1.7301315935469574e-10 0.0
1976 48 2 1.1102230246251565e-16 0.0 1.1102230246251565e-16 0.0
1977 48 2 1.1163146873549579e-07 0.0 1.8534475114684312e-06 0.0
1978 48 2 2.220446049250313e-16 0.0 4.884981308350689e-15 0.0
1979 48 2 5.990376692288635e-05 0.0 0.00021745696790753666 0.0
1980 48 2 2.6745548664663943e-08 0.0 7.187370605343801e-07 0.0
1981 48 2 1.167876906293941e-11 0.0 1.2380680924906073e-09 0.0
1982 48 2 2.5907276324232953e-11 0.0 1.9370842707644442e-09 0.0
1983 48 2 3.3306690738754696e-16 0.0 1.9984014443252818e-15 0.0
1984 48 2 5.754285936632186e-13 0.0 1.0380407644561274e-10 0.0
1985 48 2 1.1102230246251565e-16 0.0 4.440892098500626e-15 0.0
1986 48 2 1.454392162258955e-13 0.0 3.8374303734656223e-11 0.0
1987 48 2 5.966338534335591e-13 0.0 1.9979573551154317e-10 0.0
1988 48 2 0.0005694608354900321 0.0 0.001504201881741274 0.0
1989 48 2 7.442935157087049e-13 0.0 1.37412636824763e-10 0.0
1990 48 2 2.220446049250313e-16 0.0 2.220446049250313e-16 0.0
1991 48 2 2.6866842084416476e-11 0.0 4.7646071532625456e-09 0.0
1992 48 2 2.220446049250313e-16 0.0 4.440892098500626e-16 0.0
1993 48 2 3.2483624679002787e-09 0.0 1.7686245401549172e-07 0.0
1994 48 2 9.805489753489383e-13 0.0 2.1882939904571685e-10 0.0
1995 48 2 0.00019456534526285374 0.0 0.0006032738772567825 0.0
1996 48 2 2.220446049250313e-16 0.0 2.220446049250313e-16 0.0
1997 48 2 4.078175241950532e-09 0.0 9.631711761493023e-08 0.0
1998 48 2 2.220446049250313e-16 0.0 2.220446049250313e-16 0.0
1999 48 2 0.00014344967338120185 0.0 0.00046907601719592407 0.0
2000 48 2 5.4511950509095186e-14 0.0 1.1502132579721547e-11 0.0
2001 48 2 6.163805132963773e-09 0.0 1.6318406392823448e-07 0.0
2002 48 2 1.4246370749759762e-10 0.0 1.4959498861877307e-08 0.0
2003 48 2 8.881784197001252e-16 0.0 5.112577028398846e-13 0.0
2004 48 2 2.220446049250313e-16 0.0 2.220446049250313e-16 0.0
2005 48 2 1.0637445368999465e-09 0.0 5.4535097104846386e-08 0.0
2006 48 2 1.1535945421137228e-08 0.0 2.1882348733015533e-07 0.0
2007 48 2 2.220446049250313e-16 0.0 2.220446049250313e-16 0.0
2008 48 2 5.930811397547586e-13 0.0 1.2350886979817233e-10 0.0
2009 48 2 4.440892098500626e-16 0.0 2.8976820942716586e-14 0.0
2010 48 2 0.00021167345753081435 0.0 0.0006974931992465017 0.0
2011 48 2 9.796046751553433e-09 0.0 2.5523515800873753e-07 0.0
2012 48 2 1.5840634359776118e-08 0.0 3.540073080232631e-07 0.0
2013 48 2 3.4121172554080204e-10 0.0 1.6709139516457583e-08 0.0
2014 48 2 2.220446049250313e-16 0.0 2.220446049250313e-16 0.0
2015 48 2 2.1538326677728037e-14 0.0 3.3306690738754696e-16 0.0
2016 48 2 2.220446049250313e-16 0.0 1.1102230246251565e-16 0.0
2017 48 2 2.220446049250313e-16 0.0 2.120525977034049e-14 0.0
2018 48 2 2.220446049250313e-16 0.0 2.220446049250313e-16 0.0
2019 48 2 3.3306690738754696e-16 0.0 3.3306690738754696e-16 0.0
2020 48 2 2.220446049250313e-16 0.0 2.220446049250313e-16 0.0
2021 48 2 4.956035581926699e-12 0.0 6.214581071972702e-10 0.0
2022 48 2 3.3306690738754696e-16 0.0 1.4432899320127035e-15 0.0
2023 48 2 3.3306690738754696e-16 0.0 2.55351295663786e-15 0.0
