1900 25 2 0.5323068284728725 0.5136612021857924 0.6357554394346249 0.6174863387978142
1901 25 2 0.41571530787290867 0.47540983606557374 0.5257060654036604 0.5846994535519126
1902 25 2 0.38005016753492005 0.32786885245901637 0.5207362970811709 0.4972677595628415
1903 25 2 0.3300817460736949 0.33879781420765026 0.47077068105240794 0.45901639344262296
1904 25 2 0.44185874914470313 0.4371584699453552 0.5653736983126185 0.5846994535519126
1905 25 2 0.45640703883145883 0.45901639344262296 0.5838031470807341 0.6065573770491803
1906 25 2 0.5425104144396742 0.5355191256830601 0.6571704330043517 0.6338797814207651
1907 25 2 0.4547357927196156 0.4371584699453552 0.5570924572470668 0.5683060109289617
1908 25 2 0.4444667845401473 0.4972677595628415 0.5700537251321018 0.6338797814207651
1909 25 2 0.40399791189414436 0.3551912568306011 0.5334169135075475 0.546448087431694
1910 25 2 0.41858670771079864 0.4207650273224044 0.5703778267518398 0.5519125683060109
1911 25 2 0.46514970452606896 0.48633879781420764 0.5784442354451437 0.6174863387978142
1912 25 2 0.46824395895373927 0.44808743169398907 0.5905601531265167 0.6010928961748634
1913 25 2 0.47201529760475036 0.45901639344262296 0.596844572278441 0.5792349726775956
1914 25 2 0.4965357748800605 0.4426229508196721 0.602677972340196 0.5901639344262295
1915 25 2 0.44442175271333717 0.4207650273224044 0.5754021188506995 0.5628415300546448
1916 25 2 0.435653572724924 0.453551912568306 0.5563078280696883 0.5792349726775956
1917 25 2 0.42177291364122316 0.4426229508196721 0.5352855683357749 0.5519125683060109
1918 25 2 0.44961322760132094 0.4262295081967213 0.5764823734793612 0.6174863387978142
1919 25 2 0.4328241584306779 0.41530054644808745 0.5611292674639222 0.5846994535519126
1920 25 2 0.4861393277495706 0.5081967213114754 0.605238844650825 0.639344262295082
1921 25 2 0.5688233448324078 0.5519125683060109 0.6931390359743743 0.7486338797814208
1922 25 2 0.5107391607952712 0.5136612021857924 0.6449617648461843 0.6939890710382514
1923 25 2 0.5102549179870388 0.5136612021857924 0.629293828708137 0.6284153005464481
1924 25 2 0.40024214308841455 0.39344262295081966 0.5248321751521801 0.4972677595628415
1925 25 2 0.5161305254352203 0.4972677595628415 0.6367968734596643 0.6557377049180327
1926 25 2 0.42050459052759626 0.4098360655737705 0.5430279060988421 0.5300546448087432
1927 25 2 0.36458396043591845 0.34972677595628415 0.5085405644556602 0.5409836065573771
1928 25 2 0.43120854863568814 0.41530054644808745 0.5512501253840922 0.5409836065573771
1929 25 2 0.528073590951192 0.5245901639344263 0.6316304543915385 0.639344262295082
1930 25 2 0.5257606490810882 0.5846994535519126 0.6333948639309859 0.7049180327868853
1931 25 2 0.5390673745570322 0.5245901639344263 0.6448279509012458 0.6502732240437158
1932 25 2 0.5394247202504892 0.5628415300546448 0.6447616542176937 0.6557377049180327
1933 25 2 0.5048103319943742 0.4918032786885246 0.6229570765966422 0.6502732240437158
1934 25 2 0.5268227219413633 0.5245901639344263 0.6437651225790711 0.639344262295082
1935 25 2 0.4775829143045185 0.5245901639344263 0.5921949659290405 0.6120218579234973
1936 25 2 0.507660897223005 0.5300546448087432 0.6164840071886164 0.6612021857923497
1937 25 2 0.5288670989663891 0.5300546448087432 0.6381377658954855 0.6612021857923497
1938 25 2 0.5319644024014774 0.5081967213114754 0.6418112007508732 0.6338797814207651
1939 25 2 0.5542850755418816 0.5846994535519126 0.6516685219218954 0.7103825136612022
1940 25 2 0.4387886318239742 0.43169398907103823 0.5554999332821908 0.5245901639344263
1941 25 2 0.6067748180103678 0.6120218579234973 0.7207599387126922 0.7377049180327869
1942 25 2 0.549649947611638 0.5573770491803278 0.6685236411573925 0.6885245901639344
1943 25 2 0.4825894846635521 0.5628415300546448 0.5871424723248668 0.6284153005464481
1944 25 2 0.6015767659906517 0.6284153005464481 0.6898467509632045 0.7049180327868853
1946 25 2 0.5088616271209175 0.4918032786885246 0.6279579340581598 0.639344262295082
1947 25 2 0.5082470987388517 0.5245901639344263 0.6154004898037542 0.6284153005464481
1948 25 2 0.48865027249846915 0.48633879781420764 0.6077464903554537 0.6229508196721312
1949 25 2 0.5675148892182893 0.5628415300546448 0.682658760245606 0.6666666666666666
1950 25 2 0.4496884627796274 0.4207650273224044 0.5664766179488776 0.5519125683060109
1951 25 2 0.5465958187519823 0.5355191256830601 0.6645252680915357 0.6612021857923497
1952 25 2 0.5736522301433732 0.5573770491803278 0.6790196836626008 0.6885245901639344
1953 25 2 0.5670527369182499 0.5737704918032787 0.6707640841919948 0.6939890710382514
1954 25 2 0.5121144133486379 0.4918032786885246 0.6311715178618074 0.6229508196721312
1955 25 2 0.5629558957224661 0.546448087431694 0.6758391235139327 0.6939890710382514
1956 25 2 0.4550857351744242 0.4426229508196721 0.5659385526041143 0.5245901639344263
1957 25 2 0.5727556935249767 0.6010928961748634 0.6797824455310685 0.7158469945355191
1958 25 2 0.48598236125170013 0.41530054644808745 0.603187407224925 0.5683060109289617
1959 25 2 0.6082785557126491 0.5901639344262295 0.7061929197028793 0.6885245901639344
1960 25 2 0.5281834738205453 0.5136612021857924 0.6547713997587108 0.6502732240437158
1961 25 2 0.5642730563022315 0.5737704918032787 0.6560094538941335 0.644808743169399
1962 25 2 0.5378185730890692 0.546448087431694 0.647746310132078 0.6666666666666666
1963 25 2 0.5053165042941284 0.5355191256830601 0.6297714117189797 0.6174863387978142
1964 25 2 0.4838119227157016 0.546448087431694 0.5999644771950582 0.644808743169399
1965 25 2 0.5438075042308231 0.5355191256830601 0.6564194130350514 0.6557377049180327
1966 25 2 0.5774267736053146 0.5573770491803278 0.6667645087244632 0.6338797814207651
1967 25 2 0.40933070850893616 0.5300546448087432 0.5264354809771168 0.6065573770491803
1968 25 2 0.5439837909122316 0.5300546448087432 0.6748581965625682 0.6502732240437158
1969 25 2 0.5925921915471395 0.546448087431694 0.7146599304043582 0.6939890710382514
1970 25 2 0.5789304101766981 0.5901639344262295 0.6811330990115174 0.6994535519125683
1971 25 2 0.5614065393628731 0.5355191256830601 0.6673858728712931 0.6885245901639344
1972 25 2 0.5287058122561148 0.5136612021857924 0.6384138357226243 0.6338797814207651
1973 25 2 0.5518096164014694 0.546448087431694 0.6577043770216181 0.6502732240437158
1974 25 2 0.5540729992294527 0.5027322404371585 0.6631367990421762 0.6229508196721312
1975 25 2 0.4746343114740601 0.4644808743169399 0.5962226371835688 0.5792349726775956
1976 25 2 0.5515563906758848 0.5191256830601093 0.6613940384018488 0.6502732240437158
1977 25 2 0.5514613190249672 0.5683060109289617 0.6621854461375412 0.6994535519125683
1978 25 2 0.48646257495539247 0.48633879781420764 0.6049978621429559 0.5846994535519126
1979 25 2 0.4729600732729424 0.5191256830601093 0.6028575764129929 0.6284153005464481
1980 25 2 0.6113205321790502 0.5628415300546448 0.714046352671244 0.7103825136612022
1981 25 2 0.5738575197508857 0.5519125683060109 0.6980710436223577 0.6885245901639344
1982 25 2 0.4821778856026323 0.47540983606557374 0.6090719205563997 0.6284153005464481
1983 25 2 0.5950688173764317 0.5628415300546448 0.6816059337903886 0.6502732240437158
1984 25 2 0.4943229217335089 0.48633879781420764 0.6172564582757252 0.6174863387978142
1985 25 2 0.5405547269998545 0.5573770491803278 0.6703694389876653 0.6994535519125683
1986 25 2 0.5458435021130029 0.5300546448087432 0.6699477978180751 0.6721311475409836
1987 25 2 0.5633719791073459 0.5355191256830601 0.6636820287026528 0.6666666666666666
1988 25 2 0.5180605431515296 0.5409836065573771 0.6301155314551187 0.644808743169399
1989 25 2 0.5132508276352101 0.5191256830601093 0.6337005113311086 0.644808743169399
1990 25 2 0.5430530629676922 0.5245901639344263 0.6531186508553235 0.6010928961748634
1991 25 2 0.6412891954644544 0.6284153005464481 0.7352722577305337 0.73224043715847
1992 25 2 0.4837436567805854 0.4972677595628415 0.6053022290663167 0.6284153005464481
1993 25 2 0.6179717215373897 0.5846994535519126 0.7107799145283389 0.6885245901639344
1994 25 2 0.5995379270833001 0.5846994535519126 0.7137401758147 0.7213114754098361
1995 25 2 0.507133561465527 0.5191256830601093 0.6285071662627386 0.6557377049180327
1996 25 2 0.44821638356567073 0.4644808743169399 0.5789142315272258 0.6120218579234973
1997 25 2 0.4522369677796252 0.44808743169398907 0.5855589606868683 0.5628415300546448
1998 25 2 0.5427106815126683 0.5409836065573771 0.663745137284505 0.5956284153005464
1999 25 2 0.5138796974386388 0.5136612021857924 0.6380316829810155 0.6338797814207651
2000 25 2 0.42020648151610207 0.3989071038251366 0.5547918429879388 0.546448087431694
2001 25 2 0.5201335359318917 0.5409836065573771 0.6423617264848476 0.6612021857923497
2002 25 2 0.586736620523969 0.5737704918032787 0.6825307457621237 0.6775956284153005
2003 25 2 0.44223723085529465 0.4644808743169399 0.5610526665258191 0.5519125683060109
2004 25 2 0.5131585762564986 0.4972677595628415 0.6493005733889646 0.6775956284153005
2005 25 2 0.5896202515027104 0.5901639344262295 0.69696071525963 0.6885245901639344
2006 25 2 0.4925003363494279 0.46994535519125685 0.6361829376237064 0.5901639344262295
2007 25 2 0.5163201723917084 0.5628415300546448 0.6316629359577246 0.6939890710382514
2008 25 2 0.5456546141860761 0.5628415300546448 0.6655582575662513 0.6612021857923497
2009 25 2 0.4409338816533631 0.4371584699453552 0.5839843007163331 0.5683060109289617
2010 25 2 0.6037242913752151 0.6120218579234973 0.7232077847928404 0.726775956284153
2011 25 2 0.5559169816433505 0.5573770491803278 0.6744676358442301 0.6775956284153005
2012 25 2 0.5497324811543327 0.5409836065573771 0.6727715130928176 0.644808743169399
2013 25 2 0.5241561210984187 0.5300546448087432 0.6468156482875714 0.6174863387978142
2014 25 2 0.5436788137120879 0.5245901639344263 0.6680297637654802 0.6502732240437158
2015 25 2 0.6326186858624936 0.6721311475409836 0.7377907906975198 0.7377049180327869
2016 25 2 0.5841321796185966 0.6120218579234973 0.684490377163334 0.6885245901639344
2017 25 2 0.5291223719915794 0.5191256830601093 0.6489522833841926 0.6174863387978142
2018 25 2 0.548321383917991 0.5573770491803278 0.6511326821092618 0.6612021857923497
2019 25 2 0.5591492493725707 0.5245901639344263 0.6752338580914369 0.6775956284153005
2020 25 2 0.5444375218212325 0.5300546448087432 0.6477381061952585 0.6612021857923497
2021 25 2 0.5513499646476201 0.5300546448087432 0.674726083946389 0.6994535519125683
2022 25 2 0.5783973845889274 0.546448087431694 0.6813949322403501 0.6721311475409836
2023 25 2 0.5578287812897165 0.5439560439560439 0.6810048493313063 0.6593406593406593
1900 28 2 0.35194738814649473 0.3551912568306011 0.47510434121236855 0.48633879781420764
1901 28 2 0.25995342534206023 0.2786885245901639 0.3614805818108371 0.45901639344262296
1902 28 2 0.15900464112870927 0.15846994535519127 0.3048405318680114 0.30601092896174864
1903 28 2 0.15671913384126923 0.15300546448087432 0.26541417063149353 0.28415300546448086
1904 28 2 0.23623573297518874 0.23497267759562843 0.3747036538341163 0.3879781420765027
1905 28 2 0.2500596664417427 0.24043715846994534 0.38776322698048227 0.3989071038251366
1906 28 2 0.3362156003694823 0.3442622950819672 0.4779485327282309 0.5081967213114754
1907 28 2 0.28208028830335097 0.3114754098360656 0.39948587805449765 0.39344262295081966
1908 28 2 0.2696404412399346 0.3005464480874317 0.3829522939975465 0.46994535519125685
1909 28 2 0.206488538262808 0.20765027322404372 0.33638328934810713 0.32786885245901637
1910 28 2 0.19696198329916492 0.1912568306010929 0.3404718689594486 0.3825136612021858
1911 28 2 0.2841095357915946 0.2677595628415301 0.4049656356834703 0.4426229508196721
1912 28 2 0.26683388665390706 0.26229508196721313 0.40194438818075906 0.4098360655737705
1913 28 2 0.26724523233471786 0.2568306010928962 0.40437595366691104 0.43169398907103823
1914 28 2 0.3139722909298781 0.30601092896174864 0.4383682974897446 0.3989071038251366
1915 28 2 0.2538150927041397 0.23497267759562843 0.3781470362581637 0.3825136612021858
1916 28 2 0.24386640879791532 0.21311475409836064 0.37152800900915794 0.39344262295081966
1917 28 2 0.242126614794131 0.2896174863387978 0.36179967485017106 0.40437158469945356
1918 28 2 0.2601230061033599 0.2185792349726776 0.3844678169890384 0.3770491803278688
1919 28 2 0.24200323565653648 0.20765027322404372 0.36700612704905855 0.366120218579235
1920 28 2 0.27831070850883544 0.273224043715847 0.42025492662010444 0.45901639344262296
1921 28 2 0.3448495130278775 0.3333333333333333 0.49776243544636234 0.5027322404371585
1922 28 2 0.2754486974229864 0.2677595628415301 0.4351184353192432 0.4426229508196721
1923 28 2 0.30986977117475367 0.29508196721311475 0.4449748650296197 0.4972677595628415
1924 28 2 0.22400558969694084 0.2459016393442623 0.3383575015294463 0.3770491803278688
1925 28 2 0.31235373164832747 0.31693989071038253 0.44976623900334145 0.46994535519125685
1926 28 2 0.23869988771399686 0.2459016393442623 0.3578801860981661 0.37158469945355194
1927 28 2 0.162431738959802 0.1366120218579235 0.29222937679143 0.29508196721311475
1928 28 2 0.2385124152573359 0.22950819672131148 0.36711427253467543 0.366120218579235
1929 28 2 0.34849543597337407 0.3442622950819672 0.4709434211721921 0.48633879781420764
1930 28 2 0.34311378697186956 0.33879781420765026 0.4667845008390138 0.5355191256830601
1931 28 2 0.35556630745620554 0.3551912568306011 0.48052725298728827 0.5081967213114754
1932 28 2 0.35307299586824425 0.4098360655737705 0.4808211245037498 0.5245901639344263
1933 28 2 0.32808220903130536 0.30601092896174864 0.4444653491885239 0.4426229508196721
1934 28 2 0.3248783574397929 0.3114754098360656 0.4619003591852687 0.5027322404371585
1935 28 2 0.3093241876375895 0.2786885245901639 0.41978602921453667 0.48633879781420764
1936 28 2 0.3271115735249097 0.2896174863387978 0.4487304492210703 0.5081967213114754
1937 28 2 0.3410294046282488 0.36065573770491804 0.4685729812103714 0.4918032786885246
1938 28 2 0.3375258050036313 0.3224043715846995 0.470729296320175 0.4426229508196721
1939 28 2 0.38271361036134266 0.3825136612021858 0.500293846086399 0.5628415300546448
1940 28 2 0.2595471063766165 0.2568306010928962 0.3780785896589417 0.3879781420765027
1941 28 2 0.3964248397550322 0.37158469945355194 0.5409639241230149 0.5628415300546448
1942 28 2 0.3354174797678735 0.34972677595628415 0.48226875571028205 0.5245901639344263
1943 28 2 0.3301715412452144 0.4262295081967213 0.4303105641823456 0.5409836065573771
1944 28 2 0.4440177386662787 0.4644808743169399 0.5522745229345406 0.6010928961748634
1946 28 2 0.2983119757995685 0.30601092896174864 0.44241620436633566 0.43169398907103823
1947 28 2 0.3217126825395653 0.32786885245901637 0.44919926391560705 0.47540983606557374
1948 28 2 0.29531621335059843 0.3114754098360656 0.4246318634440853 0.4644808743169399
1949 28 2 0.3718257251525312 0.366120218579235 0.5039579635998497 0.546448087431694
1950 28 2 0.2535000733171452 0.26229508196721313 0.3861854580030909 0.40437158469945356
1951 28 2 0.3326075118471391 0.33879781420765026 0.4798118340137355 0.5136612021857924
1952 28 2 0.38558541178164063 0.3989071038251366 0.5143787488014155 0.5355191256830601
1953 28 2 0.38865573191038016 0.37158469945355194 0.5097633877102805 0.546448087431694
1954 28 2 0.3120847331199875 0.32786885245901637 0.44687826726676516 0.453551912568306
1955 28 2 0.37341906551906223 0.3825136612021858 0.5011567282742545 0.5245901639344263
1956 28 2 0.26956633920294226 0.2677595628415301 0.39503556433193676 0.4262295081967213
1957 28 2 0.3809976993398906 0.3989071038251366 0.5124092178420775 0.5573770491803278
1958 28 2 0.2816518055569194 0.273224043715847 0.42126188223836625 0.39344262295081966
1959 28 2 0.42897289230085345 0.43169398907103823 0.5526535235104717 0.5628415300546448
1960 28 2 0.29835930801310595 0.28415300546448086 0.45637982644807606 0.453551912568306
1961 28 2 0.4032695301225717 0.3879781420765027 0.5135641638401955 0.5409836065573771
1962 28 2 0.34309433942318246 0.3442622950819672 0.47641874284718955 0.5081967213114754
1963 28 2 0.3028973341019885 0.30601092896174864 0.43814497456198764 0.48633879781420764
1964 28 2 0.3151323476993898 0.3551912568306011 0.4256301842118677 0.5355191256830601
1965 28 2 0.34190804025186294 0.3224043715846995 0.4805190666328145 0.4972677595628415
1966 28 2 0.42038239855128146 0.45901639344262296 0.527960200786042 0.5409836065573771
1967 28 2 0.25058938762819283 0.3005464480874317 0.35306572906360667 0.4972677595628415
1968 28 2 0.32170086134822995 0.28415300546448086 0.47124150850239155 0.5027322404371585
1969 28 2 0.36604202209937375 0.366120218579235 0.5217487436510773 0.5245901639344263
1970 28 2 0.3943092780591777 0.4207650273224044 0.5213378519009493 0.5628415300546448
1971 28 2 0.37101628317657154 0.3989071038251366 0.5018636584064067 0.5191256830601093
1972 28 2 0.3348200963703747 0.32786885245901637 0.467631772738466 0.48633879781420764
1973 28 2 0.36458812104353644 0.36065573770491804 0.4926727333064067 0.5027322404371585
1974 28 2 0.3583726990319003 0.3551912568306011 0.4927675126827099 0.47540983606557374
1975 28 2 0.27093031305146265 0.2568306010928962 0.4082042078928827 0.43169398907103823
1976 28 2 0.3542520601699263 0.32786885245901637 0.4898196549274907 0.4918032786885246
1977 28 2 0.3609036311652941 0.3551912568306011 0.4901423732890583 0.5191256830601093
1978 28 2 0.28133823013184045 0.2786885245901639 0.420993328425584 0.43169398907103823
1979 28 2 0.2874998567614413 0.3005464480874317 0.40822169353280535 0.47540983606557374
1980 28 2 0.42382487108110123 0.4371584699453552 0.5527094964831896 0.5355191256830601
1981 28 2 0.3488104162615462 0.34972677595628415 0.5026258660336069 0.5081967213114754
1982 28 2 0.2719694023658984 0.25136612021857924 0.41296771485902417 0.4426229508196721
1983 28 2 0.4417693513691172 0.43169398907103823 0.5469791491780223 0.5355191256830601
1984 28 2 0.2847629592702571 0.3005464480874317 0.4264743917866418 0.4371584699453552
1985 28 2 0.3053905104913275 0.3442622950819672 0.4663859568651174 0.5081967213114754
1986 28 2 0.3241669637385517 0.3333333333333333 0.47547099183178865 0.5081967213114754
1987 28 2 0.3850666873950722 0.33879781420765026 0.5073720570003891 0.4918032786885246
1988 28 2 0.35011031080834587 0.40437158469945356 0.46090664781287105 0.5027322404371585
1989 28 2 0.30452488084618623 0.273224043715847 0.44627006892796717 0.46994535519125685
1990 28 2 0.3464670601446732 0.36065573770491804 0.4813958716052361 0.5027322404371585
1991 28 2 0.46597174675660624 0.5027322404371585 0.5872715177152408 0.6174863387978142
1992 28 2 0.2730062437900629 0.28415300546448086 0.41647590144262714 0.44808743169398907
1993 28 2 0.44902042713830015 0.4371584699453552 0.5654130245799864 0.546448087431694
1994 28 2 0.38709745722203037 0.3879781420765027 0.5335336825660838 0.5409836065573771
1995 28 2 0.32738416077153976 0.3879781420765027 0.4454648686999906 0.5027322404371585
1996 28 2 0.22734737808418426 0.22404371584699453 0.3764344804447455 0.43169398907103823
1997 28 2 0.24688622686844042 0.2459016393442623 0.38220540448679785 0.4098360655737705
1998 28 2 0.3225499861630601 0.37158469945355194 0.4740372624691994 0.4918032786885246
1999 28 2 0.32895227557041384 0.34972677595628415 0.45049776091762217 0.4644808743169399
2000 28 2 0.20828743613219503 0.20218579234972678 0.34847949755901864 0.37158469945355194
2001 28 2 0.31476910821869997 0.33879781420765026 0.45301177615415034 0.4972677595628415
2002 28 2 0.4152518900213089 0.37158469945355194 0.533041919594204 0.5245901639344263
2003 28 2 0.24449971463662334 0.24043715846994534 0.37781360831674127 0.44808743169398907
2004 28 2 0.2651599301609593 0.23497267759562843 0.4356520259977523 0.4371584699453552
2005 28 2 0.3951795420844594 0.3825136612021858 0.5286263421997464 0.5628415300546448
2006 28 2 0.2684209219282926 0.3114754098360656 0.41611014882918596 0.4426229508196721
2007 28 2 0.31205220678180556 0.34972677595628415 0.45202561242554407 0.5191256830601093
2008 28 2 0.33212109014516233 0.3551912568306011 0.47794461043816006 0.5409836065573771
2009 28 2 0.20848525675494967 0.21311475409836064 0.3630410138572423 0.3879781420765027
2010 28 2 0.40861894984276104 0.4426229508196721 0.5391528067456779 0.5792349726775956
2011 28 2 0.3497806375873006 0.3770491803278688 0.4896136795152024 0.5245901639344263
2012 28 2 0.33872001885202063 0.31693989071038253 0.48126584540444284 0.4808743169398907
2013 28 2 0.3142862445300748 0.3114754098360656 0.4561407285748411 0.48633879781420764
2014 28 2 0.3161816586507241 0.30601092896174864 0.47281005603630333 0.4972677595628415
2015 28 2 0.4325028087630117 0.48633879781420764 0.5713430489926372 0.6612021857923497
2016 28 2 0.4028065634027672 0.45901639344262296 0.5275832679801968 0.5792349726775956
2017 28 2 0.3155077190925967 0.3224043715846995 0.4617134732420175 0.4644808743169399
2018 28 2 0.36620611607826503 0.36065573770491804 0.491089462727447 0.5191256830601093
2019 28 2 0.3474581312498304 0.33879781420765026 0.49317284327577326 0.48633879781420764
2020 28 2 0.3617380069373666 0.33879781420765026 0.48698815467177403 0.5081967213114754
2021 28 2 0.33181081940505786 0.3224043715846995 0.4814535650708378 0.4918032786885246
2022 28 2 0.39216778399099683 0.3825136612021858 0.5203105565524959 0.5300546448087432
2023 28 2 0.3320889199772231 0.29120879120879123 0.48729312562486193 0.4835164835164835
1900 30 2 0.22512080486751385 0.20218579234972678 0.35194738814649473 0.3551912568306011
1901 30 2 0.1736924303799322 0.16393442622950818 0.25995342534206023 0.2786885245901639
1902 30 2 0.053722219403099514 0.04918032786885246 0.15900464112870927 0.15846994535519127
1903 30 2 0.08105397574521434 0.08743169398907104 0.15671913384126923 0.15300546448087432
1904 30 2 0.11325526201573866 0.08743169398907104 0.23623573297518874 0.23497267759562843
1905 30 2 0.13144833559652713 0.1092896174863388 0.2500596664417427 0.24043715846994534
1906 30 2 0.1847254084449763 0.18032786885245902 0.3362156003694823 0.3442622950819672
1907 30 2 0.1575965387008793 0.11475409836065574 0.28208028830335097 0.3114754098360656
1908 30 2 0.17616858698514082 0.14754098360655737 0.2696404412399346 0.3005464480874317
1909 30 2 0.10242747070924019 0.09289617486338798 0.206488538262808 0.20765027322404372
1910 30 2 0.09138580043530387 0.08196721311475409 0.19696198329916492 0.1912568306010929
1911 30 2 0.17481983295574943 0.13114754098360656 0.2841095357915946 0.2677595628415301
1912 30 2 0.1461576236440839 0.13114754098360656 0.26683388665390706 0.26229508196721313
1913 30 2 0.1460867739288252 0.13114754098360656 0.26724523233471786 0.2568306010928962
1914 30 2 0.18733538493313062 0.17486338797814208 0.3139722909298781 0.30601092896174864
1915 30 2 0.15184155597944382 0.1366120218579235 0.2538150927041397 0.23497267759562843
1916 30 2 0.13330398089344575 0.11475409836065574 0.24386640879791532 0.21311475409836064
1917 30 2 0.13670107754511052 0.09289617486338798 0.242126614794131 0.2896174863387978
1918 30 2 0.15591241054079585 0.1366120218579235 0.2601230061033599 0.2185792349726776
1919 30 2 0.13907314678160776 0.11475409836065574 0.24200323565653648 0.20765027322404372
1920 30 2 0.1352027854226543 0.11475409836065574 0.27831070850883544 0.273224043715847
1921 30 2 0.19762881537923271 0.15846994535519127 0.3448495130278775 0.3333333333333333
1922 30 2 0.13160694123836192 0.11475409836065574 0.2754486974229864 0.2677595628415301
1923 30 2 0.18437352559413156 0.14754098360655737 0.30986977117475367 0.29508196721311475
1924 30 2 0.13191400043586898 0.11475409836065574 0.22400558969694084 0.2459016393442623
1925 30 2 0.1850498537242602 0.15846994535519127 0.31235373164832747 0.31693989071038253
1926 30 2 0.13957534094440438 0.12568306010928962 0.23869988771399686 0.2459016393442623
1927 30 2 0.0709029205633891 0.06557377049180328 0.162431738959802 0.1366120218579235
1928 30 2 0.12656121865972447 0.13114754098360656 0.2385124152573359 0.22950819672131148
1929 30 2 0.22369239493422022 0.1912568306010929 0.34849543597337407 0.3442622950819672
1930 30 2 0.22281077081650036 0.18032786885245902 0.34311378697186956 0.33879781420765026
1931 30 2 0.23020510906119118 0.20218579234972678 0.35556630745620554 0.3551912568306011
1932 30 2 0.21411021244074957 0.21311475409836064 0.35307299586824425 0.4098360655737705
1933 30 2 0.22558944213352916 0.18032786885245902 0.32808220903130536 0.30601092896174864
1934 30 2 0.1935802153433177 0.18579234972677597 0.3248783574397929 0.3114754098360656
1935 30 2 0.2128052710293048 0.16393442622950818 0.3093241876375895 0.2786885245901639
1936 30 2 0.21161048111766145 0.20218579234972678 0.3271115735249097 0.2896174863387978
1937 30 2 0.21592430759749515 0.18579234972677597 0.3410294046282488 0.36065573770491804
1938 30 2 0.19796025661849603 0.18032786885245902 0.3375258050036313 0.3224043715846995
1939 30 2 0.254427451060556 0.23497267759562843 0.38271361036134266 0.3825136612021858
1940 30 2 0.15675501462942965 0.1366120218579235 0.2595471063766165 0.2568306010928962
1941 30 2 0.24951287751236373 0.2459016393442623 0.3964248397550322 0.37158469945355194
1942 30 2 0.18785057602688826 0.16939890710382513 0.3354174797678735 0.34972677595628415
1943 30 2 0.24093579804096166 0.26229508196721313 0.3301715412452144 0.4262295081967213
1944 30 2 0.32506999892026034 0.3005464480874317 0.4440177386662787 0.4644808743169399
1946 30 2 0.15173032887730675 0.12568306010928962 0.2983119757995685 0.30601092896174864
1947 30 2 0.1874399018354438 0.18579234972677597 0.3217126825395653 0.32786885245901637
1948 30 2 0.1785808062156543 0.15846994535519127 0.29531621335059843 0.3114754098360656
1949 30 2 0.2460524166108211 0.22404371584699453 0.3718257251525312 0.366120218579235
1950 30 2 0.12972431025651032 0.12021857923497267 0.2535000733171452 0.26229508196721313
1951 30 2 0.1746584760645281 0.15846994535519127 0.3326075118471391 0.33879781420765026
1952 30 2 0.252843490957501 0.22404371584699453 0.38558541178164063 0.3989071038251366
1953 30 2 0.2684672055469325 0.24043715846994534 0.38865573191038016 0.37158469945355194
1954 30 2 0.18702891110287723 0.15846994535519127 0.3120847331199875 0.32786885245901637
1955 30 2 0.2519494645556558 0.22404371584699453 0.37341906551906223 0.3825136612021858
1956 30 2 0.1500496583344132 0.12568306010928962 0.26956633920294226 0.2677595628415301
1957 30 2 0.2454987788794144 0.21311475409836064 0.3809976993398906 0.3989071038251366
1958 30 2 0.13742779105228242 0.14207650273224043 0.2816518055569194 0.273224043715847
1959 30 2 0.291042740634295 0.273224043715847 0.42897289230085345 0.43169398907103823
1960 30 2 0.13280794645193894 0.1092896174863388 0.29835930801310595 0.28415300546448086
1961 30 2 0.28282123772634504 0.2896174863387978 0.4032695301225717 0.3879781420765027
1962 30 2 0.20539706121724288 0.18579234972677597 0.34309433942318246 0.3442622950819672
1963 30 2 0.18211191958308426 0.1366120218579235 0.3028973341019885 0.30601092896174864
1964 30 2 0.21911130135984802 0.21311475409836064 0.3151323476993898 0.3551912568306011
1965 30 2 0.1955264352678101 0.1912568306010929 0.34190804025186294 0.3224043715846995
1966 30 2 0.3045722278099936 0.3005464480874317 0.42038239855128146 0.45901639344262296
1967 30 2 0.16646833885176227 0.1092896174863388 0.25058938762819283 0.3005464480874317
1968 30 2 0.1869179110119511 0.18032786885245902 0.32170086134822995 0.28415300546448086
1969 30 2 0.2109268632313943 0.20218579234972678 0.36604202209937375 0.366120218579235
1970 30 2 0.2542106011153277 0.20765027322404372 0.3943092780591777 0.4207650273224044
1971 30 2 0.2284413690704885 0.20218579234972678 0.37101628317657154 0.3989071038251366
1972 30 2 0.19505952725325126 0.15300546448087432 0.3348200963703747 0.32786885245901637
1973 30 2 0.23264724580380725 0.21311475409836064 0.36458812104353644 0.36065573770491804
1974 30 2 0.2156222893566787 0.1912568306010929 0.3583726990319003 0.3551912568306011
1975 30 2 0.1459727141814119 0.12021857923497267 0.27093031305146265 0.2568306010928962
1976 30 2 0.20732523110030032 0.1912568306010929 0.3542520601699263 0.32786885245901637
1977 30 2 0.23508020478022795 0.21311475409836064 0.3609036311652941 0.3551912568306011
1978 30 2 0.14563754306725618 0.12021857923497267 0.28133823013184045 0.2786885245901639
1979 30 2 0.18692494656460168 0.18032786885245902 0.2874998567614413 0.3005464480874317
1980 30 2 0.2887177850193102 0.25136612021857924 0.42382487108110123 0.4371584699453552
1981 30 2 0.2000380005782888 0.17486338797814208 0.3488104162615462 0.34972677595628415
1982 30 2 0.14717041110799234 0.12021857923497267 0.2719694023658984 0.25136612021857924
1983 30 2 0.3259276193923265 0.3114754098360656 0.4417693513691172 0.43169398907103823
1984 30 2 0.15391818229866838 0.13114754098360656 0.2847629592702571 0.3005464480874317
1985 30 2 0.15110801506142146 0.09289617486338798 0.3053905104913275 0.3442622950819672
1986 30 2 0.17850975675432001 0.13114754098360656 0.3241669637385517 0.3333333333333333
1987 30 2 0.254325973671239 0.23497267759562843 0.3850666873950722 0.33879781420765026
1988 30 2 0.25082512093131704 0.29508196721311475 0.35011031080834587 0.40437158469945356
1989 30 2 0.1697956203257599 0.14754098360655737 0.30452488084618623 0.273224043715847
1990 30 2 0.20210461058856277 0.17486338797814208 0.3464670601446732 0.36065573770491804
1991 30 2 0.3306624068041093 0.3224043715846995 0.46597174675660624 0.5027322404371585
1992 30 2 0.13520265780660445 0.09836065573770492 0.2730062437900629 0.28415300546448086
1993 30 2 0.32180192473343916 0.29508196721311475 0.44902042713830015 0.4371584699453552
1994 30 2 0.23507148650423915 0.20765027322404372 0.38709745722203037 0.3879781420765027
1995 30 2 0.2244746629891785 0.22404371584699453 0.32738416077153976 0.3879781420765027
1996 30 2 0.09744270173822989 0.07103825136612021 0.22734737808418426 0.22404371584699453
1997 30 2 0.13508459495085434 0.11475409836065574 0.24688622686844042 0.2459016393442623
1998 30 2 0.1599850759936272 0.14207650273224043 0.3225499861630601 0.37158469945355194
1999 30 2 0.2232651285886631 0.2459016393442623 0.32895227557041384 0.34972677595628415
2000 30 2 0.09612353942294294 0.08196721311475409 0.20828743613219503 0.20218579234972678
2001 30 2 0.18774018102948142 0.14754098360655737 0.31476910821869997 0.33879781420765026
2002 30 2 0.28815006954047684 0.25136612021857924 0.4152518900213089 0.37158469945355194
2003 30 2 0.12328835086991119 0.1092896174863388 0.24449971463662334 0.24043715846994534
2004 30 2 0.09310064387355066 0.08196721311475409 0.2651599301609593 0.23497267759562843
2005 30 2 0.25722277681432504 0.23497267759562843 0.3951795420844594 0.3825136612021858
2006 30 2 0.1471892795740769 0.14754098360655737 0.2684209219282926 0.3114754098360656
2007 30 2 0.16309215159552093 0.12021857923497267 0.31205220678180556 0.34972677595628415
2008 30 2 0.18941505993351404 0.15300546448087432 0.33212109014516233 0.3551912568306011
2009 30 2 0.08674247552256309 0.06557377049180328 0.20848525675494967 0.21311475409836064
2010 30 2 0.28757004088930904 0.33879781420765026 0.40861894984276104 0.4426229508196721
2011 30 2 0.21610086766062186 0.16939890710382513 0.3497806375873006 0.3770491803278688
2012 30 2 0.20585577212120432 0.2185792349726776 0.33872001885202063 0.31693989071038253
2013 30 2 0.18243301607760465 0.15300546448087432 0.3142862445300748 0.3114754098360656
2014 30 2 0.15122635373974924 0.13114754098360656 0.3161816586507241 0.30601092896174864
2015 30 2 0.2765043097601342 0.2786885245901639 0.4325028087630117 0.48633879781420764
2016 30 2 0.26526704349546204 0.2459016393442623 0.4028065634027672 0.45901639344262296
2017 30 2 0.16958861190547925 0.15846994535519127 0.3155077190925967 0.3224043715846995
2018 30 2 0.2309296355244942 0.1912568306010929 0.36620611607826503 0.36065573770491804
2019 30 2 0.19294966618594978 0.18579234972677597 0.3474581312498304 0.33879781420765026
2020 30 2 0.22593241486635374 0.20218579234972678 0.3617380069373666 0.33879781420765026
2021 30 2 0.1882720793251449 0.16393442622950818 0.33181081940505786 0.3224043715846995
2022 30 2 0.25199448359078847 0.22404371584699453 0.39216778399099683 0.3825136612021858
2023 30 2 0.17536734136667387 0.1813186813186813 0.3320889199772231 0.29120879120879123
1900 33 2 0.07235345006385241 0.08196721311475409 0.1660978701587389 0.17486338797814208
1901 33 2 0.08133701544881522 0.0546448087431694 0.13779419375441537 0.13114754098360656
1902 33 2 0.0031304938794611825 0.0 0.024983412820510198 0.03278688524590164
1903 33 2 0.02291824668643283 0.01639344262295082 0.055252900560124996 0.06557377049180328
1904 33 2 0.016584420807503886 0.01639344262295082 0.06772716422800695 0.07650273224043716
1905 33 2 0.029472350127838998 0.0273224043715847 0.08639956025327544 0.08743169398907104
1906 33 2 0.023504396413400852 0.02185792349726776 0.11449622518779501 0.13114754098360656
1907 33 2 0.004220005338409938 0.00546448087431694 0.09376583668009741 0.09836065573770492
1908 33 2 0.08011290034843332 0.04371584699453552 0.13826492230471832 0.1092896174863388
1909 33 2 0.02107660391030397 0.0273224043715847 0.06533900668007409 0.07103825136612021
1910 33 2 0.01731622132733246 0.02185792349726776 0.056475316063148595 0.060109289617486336
1911 33 2 0.061140242918800713 0.060109289617486336 0.12912328796523165 0.12021857923497267
1912 33 2 0.0355353621030392 0.03825136612021858 0.09848049866944997 0.09836065573770492
1913 33 2 0.03601351277077869 0.03825136612021858 0.09859124178289203 0.10382513661202186
1914 33 2 0.046082994489057616 0.04918032786885246 0.13005632363875363 0.14754098360655737
1915 33 2 0.05474423867819045 0.03278688524590164 0.11192462256669555 0.12021857923497267
1916 33 2 0.03370472580042694 0.0546448087431694 0.09035400396003956 0.08743169398907104
1917 33 2 0.03734926031171748 0.0273224043715847 0.09469866321372422 0.07650273224043716
1918 33 2 0.05521486297313227 0.0546448087431694 0.11461794399889924 0.12021857923497267
1919 33 2 0.04433439857674526 0.0546448087431694 0.09933049426641538 0.1092896174863388
1920 33 2 0.012519537453392848 0.00546448087431694 0.07627724421121174 0.08196721311475409
1921 33 2 0.05068463734324369 0.060109289617486336 0.13600096060782751 0.14754098360655737
1922 33 2 0.018959160870674285 0.01639344262295082 0.07836940454552332 0.07650273224043716
1923 33 2 0.0562354074030017 0.04918032786885246 0.13190271944319865 0.11475409836065574
1924 33 2 0.046160346862408 0.04918032786885246 0.09636580457050459 0.10382513661202186
1925 33 2 0.05597271514790647 0.04918032786885246 0.13203960888560617 0.12568306010928962
1926 33 2 0.046206737032834844 0.03825136612021858 0.10079247859226437 0.07650273224043716
1927 33 2 0.01160260785207401 0.0273224043715847 0.04206581826889666 0.04918032786885246
1928 33 2 0.02856154890230056 0.0273224043715847 0.0835124035867243 0.10382513661202186
1929 33 2 0.07461314455198609 0.08743169398907104 0.16609662640916323 0.16939890710382513
1930 33 2 0.08430094318049641 0.060109289617486336 0.16918038887887543 0.1366120218579235
1931 33 2 0.08228370736552326 0.08196721311475409 0.1731141259049196 0.18032786885245902
1932 33 2 0.03075583360254175 0.02185792349726776 0.1430872425870705 0.16939890710382513
1933 33 2 0.11115838480570361 0.07650273224043716 0.18180398471048165 0.14754098360655737
1934 33 2 0.05648637492782982 0.04918032786885246 0.13757447819187507 0.13114754098360656
1935 33 2 0.10540177987259836 0.02185792349726776 0.1716971474179405 0.12568306010928962
1936 33 2 0.08149976871270503 0.07103825136612021 0.16096863258157845 0.19672131147540983
1937 33 2 0.07431588136077716 0.06557377049180328 0.16034146881196665 0.15300546448087432
1938 33 2 0.04117412712237789 0.03825136612021858 0.13359715817860474 0.14754098360655737
1939 33 2 0.06389670803422975 0.0546448087431694 0.18758549681902048 0.21311475409836064
1940 33 2 0.05443793675420239 0.06557377049180328 0.11508082801032526 0.12568306010928962
1941 33 2 0.08155208722577967 0.09289617486338798 0.18337284433180823 0.1912568306010929
1942 33 2 0.0389267558915003 0.03278688524590164 0.12438740393010062 0.12568306010928962
1943 33 2 0.13586669197547807 0.08196721311475409 0.20179593327517997 0.22404371584699453
1944 33 2 0.14628208160626766 0.14207650273224043 0.2635151251101441 0.25136612021857924
1946 33 2 0.017776880399318462 0.01639344262295082 0.08985726789448667 0.08743169398907104
1947 33 2 0.034496680995530715 0.03278688524590164 0.1244639986703091 0.13114754098360656
1948 33 2 0.059582667372651055 0.04371584699453552 0.13024133718899444 0.1092896174863388
1949 33 2 0.10237247421464646 0.09836065573770492 0.19067439657391783 0.20765027322404372
1950 33 2 0.021687025601364596 0.0273224043715847 0.08082824919063525 0.07650273224043716
1951 33 2 0.016074034278218963 0.01092896174863388 0.10226403279370044 0.12568306010928962
1952 33 2 0.09093929719854366 0.09289617486338798 0.19104532051131073 0.20218579234972678
1953 33 2 0.12053024764149678 0.1092896174863388 0.2131730793158546 0.23497267759562843
1954 33 2 0.05855483090394398 0.0546448087431694 0.13463906631596123 0.14754098360655737
1955 33 2 0.1108292762870634 0.10382513661202186 0.198102147335384 0.1912568306010929
1956 33 2 0.03339587372225816 0.03278688524590164 0.10026140757463264 0.10382513661202186
1957 33 2 0.08293900326121395 0.08196721311475409 0.18276984371537597 0.17486338797814208
1958 33 2 0.010225331865615805 0.01092896174863388 0.07577145885498238 0.07650273224043716
1959 33 2 0.0794912297659699 0.07650273224043716 0.2181813326118286 0.23497267759562843
1960 33 2 0.005061180446169433 0.0 0.0648104643427867 0.08196721311475409
1961 33 2 0.09457185248692002 0.08743169398907104 0.21966238767069268 0.26229508196721313
1962 33 2 0.05051054856058479 0.03278688524590164 0.14269398862628813 0.15846994535519127
1963 33 2 0.0607655583907748 0.07103825136612021 0.1325974813929074 0.1092896174863388
1964 33 2 0.11199935587973853 0.06557377049180328 0.17823299043409624 0.18579234972677597
1965 33 2 0.03498287495767982 0.03825136612021858 0.12818871978432367 0.15300546448087432
1966 33 2 0.13895135754722565 0.13114754098360656 0.24623940324517557 0.2568306010928962
1967 33 2 0.07903611617768957 0.01092896174863388 0.1322099134960517 0.07103825136612021
1968 33 2 0.05579857222112572 0.0546448087431694 0.13233300230164446 0.14207650273224043
1969 33 2 0.051895962363737835 0.04918032786885246 0.14446223633266708 0.16393442622950818
1970 33 2 0.0554079155041336 0.060109289617486336 0.18156644176125036 0.17486338797814208
1971 33 2 0.046210192832541463 0.04371584699453552 0.15747297090336654 0.14754098360655737
1972 33 2 0.03795768688001211 0.04918032786885246 0.13025042013843835 0.1366120218579235
1973 33 2 0.07504857045718005 0.08196721311475409 0.1715504506000014 0.16939890710382513
1974 33 2 0.04853652695368593 0.0546448087431694 0.148459389604634 0.15300546448087432
1975 33 2 0.032256720347197176 0.03278688524590164 0.09640904596956978 0.10382513661202186
1976 33 2 0.032590137219293935 0.0273224043715847 0.13579123848105723 0.15846994535519127
1977 33 2 0.09032064974716114 0.08196721311475409 0.1790580212235866 0.18032786885245902
1978 33 2 0.02282302488960153 0.0273224043715847 0.09024314554289892 0.09289617486338798
1979 33 2 0.08346167355699419 0.04918032786885246 0.14603856859993636 0.13114754098360656
1980 33 2 0.1164206694220683 0.11475409836065574 0.22450073462717257 0.23497267759562843
1981 33 2 0.051074812964074456 0.060109289617486336 0.13758781417849753 0.13114754098360656
1982 33 2 0.035014196371499495 0.04371584699453552 0.09846189222357171 0.09836065573770492
1983 33 2 0.14102619868544153 0.1366120218579235 0.26479753903518943 0.2677595628415301
1984 33 2 0.03362921915510575 0.03825136612021858 0.101562663937379 0.1092896174863388
1985 33 2 0.021370335338911417 0.0273224043715847 0.09074943050280548 0.07650273224043716
1986 33 2 0.03895402459636843 0.03278688524590164 0.11840492151464577 0.1092896174863388
1987 33 2 0.08386896325929494 0.09836065573770492 0.19054253285175393 0.20218579234972678
1988 33 2 0.13518634798993012 0.13114754098360656 0.20744118327705474 0.2677595628415301
1989 33 2 0.03936887797913269 0.03825136612021858 0.1141464309810688 0.13114754098360656
1990 33 2 0.03575078586250269 0.03825136612021858 0.13362514153651983 0.14754098360655737
1991 33 2 0.13413828783244386 0.11475409836065574 0.26120576723726285 0.28415300546448086
1992 33 2 0.01806314447900781 0.02185792349726776 0.08063103852257025 0.08196721311475409
1993 33 2 0.1407448151207027 0.1366120218579235 0.2575842326058567 0.26229508196721313
1994 33 2 0.06390236900171209 0.060109289617486336 0.16624327703287156 0.18579234972677597
1995 33 2 0.11081641818422694 0.08196721311475409 0.18083756060852552 0.18579234972677597
1996 33 2 0.009359894576898231 0.01092896174863388 0.05271745001896655 0.04918032786885246
1997 33 2 0.036974664440989624 0.03825136612021858 0.0927958784188796 0.10382513661202186
1998 33 2 0.009468276300456435 0.01092896174863388 0.08687393492886408 0.07103825136612021
1999 33 2 0.10770632723213702 0.10382513661202186 0.1786781117137224 0.20218579234972678
2000 33 2 0.015392767806648222 0.01639344262295082 0.05765357205237309 0.07103825136612021
2001 33 2 0.058865588858377116 0.04918032786885246 0.13499269880939135 0.1092896174863388
2002 33 2 0.11353994041916238 0.1366120218579235 0.224944606893961 0.2185792349726776
2003 33 2 0.020819179740104055 0.0273224043715847 0.07656371445387944 0.09836065573770492
2004 33 2 0.0009279082173827558 0.0 0.034381344345347675 0.0273224043715847
2005 33 2 0.09040888892241739 0.08196721311475409 0.19320204771800742 0.1912568306010929
2006 33 2 0.041253042508700544 0.03278688524590164 0.10155680164391334 0.1092896174863388
2007 33 2 0.013897914780972243 0.01639344262295082 0.09464096383609744 0.09836065573770492
2008 33 2 0.0454114668925214 0.0546448087431694 0.12886882660898358 0.12021857923497267
2009 33 2 0.009735300178669748 0.01092896174863388 0.04765518290473836 0.060109289617486336
2010 33 2 0.14580518262684983 0.14207650273224043 0.23416562441414124 0.28415300546448086
2011 33 2 0.07221535824530789 0.0546448087431694 0.1585357762948193 0.14207650273224043
2012 33 2 0.06765707059989867 0.06557377049180328 0.1499159584596268 0.17486338797814208
2013 33 2 0.051364693982938414 0.0546448087431694 0.12792588541521388 0.12568306010928962
2014 33 2 0.009715168196400503 0.00546448087431694 0.08108906438765007 0.09289617486338798
2015 33 2 0.06706143622746763 0.0546448087431694 0.1973025313551493 0.21311475409836064
2016 33 2 0.07058462346970773 0.060109289617486336 0.19445861432937284 0.19672131147540983
2017 33 2 0.02954737392992668 0.04371584699453552 0.1080505047538679 0.11475409836065574
2018 33 2 0.053792641935614394 0.060109289617486336 0.16340318358417694 0.17486338797814208
2019 33 2 0.029915194931610656 0.02185792349726776 0.12273742486026784 0.12568306010928962
2020 33 2 0.04797237765564499 0.060109289617486336 0.15780456248976094 0.15846994535519127
2021 33 2 0.046522354023389556 0.04371584699453552 0.128452205196405 0.15300546448087432
2022 33 2 0.06542697502151473 0.060109289617486336 0.18173372510769537 0.18579234972677597
2023 33 2 0.027789215419517954 0.03296703296703297 0.10952734862087099 0.14285714285714285
1900 35 2 0.02159654215915685 0.02185792349726776 0.07235345006385241 0.08196721311475409
1901 35 2 0.043853877564239085 0.01092896174863388 0.08133701544881522 0.0546448087431694
1902 35 2 0.0001725869242068523 0.0 0.0031304938794611825 0.0
1903 35 2 0.008110279242915519 0.0 0.02291824668643283 0.01639344262295082
1904 35 2 0.0022365056556462592 0.0 0.016584420807503886 0.01639344262295082
1905 35 2 0.00701669584196174 0.01092896174863388 0.029472350127838998 0.0273224043715847
1906 35 2 0.0014839872782427266 0.0 0.023504396413400852 0.02185792349726776
1907 35 2 2.0728841065853487e-07 0.0 0.004220005338409938 0.00546448087431694
1908 35 2 0.04267286355649125 0.00546448087431694 0.08011290034843332 0.04371584699453552
1909 35 2 0.0048052810181994365 0.0 0.02107660391030397 0.0273224043715847
1910 35 2 0.003857467106751722 0.0 0.01731622132733246 0.02185792349726776
1911 35 2 0.023371098922153166 0.03278688524590164 0.061140242918800713 0.060109289617486336
1912 35 2 0.009000831202861326 0.00546448087431694 0.0355353621030392 0.03825136612021858
1913 35 2 0.009387545971339728 0.0 0.03601351277077869 0.03825136612021858
1914 35 2 0.009614042888179908 0.0 0.046082994489057616 0.04918032786885246
1915 35 2 0.023036877050003346 0.0 0.05474423867819045 0.03278688524590164
1916 35 2 0.009159000781224669 0.0 0.03370472580042694 0.0546448087431694
1917 35 2 0.010908925124792912 0.02185792349726776 0.03734926031171748 0.0273224043715847
1918 35 2 0.02251618378273701 0.02185792349726776 0.05521486297313227 0.0546448087431694
1919 35 2 0.016287152676143446 0.01639344262295082 0.04433439857674526 0.0546448087431694
1920 35 2 0.0006527380714979047 0.0 0.012519537453392848 0.00546448087431694
1921 35 2 0.012966627281189913 0.00546448087431694 0.05068463734324369 0.060109289617486336
1922 35 2 0.0025185468221919916 0.0 0.018959160870674285 0.01639344262295082
1923 35 2 0.018094220267887318 0.0273224043715847 0.0562354074030017 0.04918032786885246
1924 35 2 0.018934947433303373 0.01092896174863388 0.046160346862408 0.04918032786885246
1925 35 2 0.017907748689274028 0.02185792349726776 0.05597271514790647 0.04918032786885246
1926 35 2 0.017545204061663267 0.0273224043715847 0.046206737032834844 0.03825136612021858
1927 35 2 0.0022432855659345607 0.0 0.01160260785207401 0.0273224043715847
1928 35 2 0.006741034812034696 0.0 0.02856154890230056 0.0273224043715847
1929 35 2 0.0238203006624933 0.01639344262295082 0.07461314455198609 0.08743169398907104
1930 35 2 0.033449544283065125 0.01639344262295082 0.08430094318049641 0.060109289617486336
1931 35 2 0.029548990799977637 0.03278688524590164 0.08228370736552326 0.08196721311475409
1932 35 2 0.0011345179687504148 0.00546448087431694 0.03075583360254175 0.02185792349726776
1933 35 2 0.062459941225131765 0.0273224043715847 0.11115838480570361 0.07650273224043716
1934 35 2 0.016741875514939886 0.01639344262295082 0.05648637492782982 0.04918032786885246
1935 35 2 0.05959794992298639 0.0 0.10540177987259836 0.02185792349726776
1936 35 2 0.03361635160377774 0.02185792349726776 0.08149976871270503 0.07103825136612021
1937 35 2 0.026148746037364945 0.01639344262295082 0.07431588136077716 0.06557377049180328
1938 35 2 0.006312121585519415 0.00546448087431694 0.04117412712237789 0.03825136612021858
1939 35 2 0.006177547452461352 0.00546448087431694 0.06389670803422975 0.0546448087431694
1940 35 2 0.021222032572527527 0.01639344262295082 0.05443793675420239 0.06557377049180328
1941 35 2 0.026605670876587606 0.02185792349726776 0.08155208722577967 0.09289617486338798
1942 35 2 0.0069663405934841105 0.00546448087431694 0.0389267558915003 0.03278688524590164
1943 35 2 0.08645141862441064 0.01639344262295082 0.13586669197547807 0.08196721311475409
1944 35 2 0.058386793634962575 0.04371584699453552 0.14628208160626766 0.14207650273224043
1946 35 2 0.0013043548722487808 0.0 0.017776880399318462 0.01639344262295082
1947 35 2 0.004017531978151134 0.0 0.034496680995530715 0.03278688524590164
1948 35 2 0.021714925495788684 0.01639344262295082 0.059582667372651055 0.04371584699453552
1949 35 2 0.04649272708309926 0.04371584699453552 0.10237247421464646 0.09836065573770492
1950 35 2 0.0032052471545457317 0.0 0.021687025601364596 0.0273224043715847
1951 35 2 0.0005776429171274744 0.0 0.016074034278218963 0.01092896174863388
1952 35 2 0.03212312090535907 0.0273224043715847 0.09093929719854366 0.09289617486338798
1953 35 2 0.057635476107509076 0.060109289617486336 0.12053024764149678 0.1092896174863388
1954 35 2 0.01945742490342639 0.02185792349726776 0.05855483090394398 0.0546448087431694
1955 35 2 0.0534546546723923 0.07650273224043716 0.1108292762870634 0.10382513661202186
1956 35 2 0.006915319863058156 0.00546448087431694 0.03339587372225816 0.03278688524590164
1957 35 2 0.027056871955848494 0.02185792349726776 0.08293900326121395 0.08196721311475409
1958 35 2 0.0003189819816591388 0.0 0.010225331865615805 0.01092896174863388
1959 35 2 0.008737430172252925 0.00546448087431694 0.0794912297659699 0.07650273224043716
1960 35 2 5.381558534123254e-05 0.0 0.005061180446169433 0.0
1961 35 2 0.014918679316536676 0.01092896174863388 0.09457185248692002 0.08743169398907104
1962 35 2 0.010489098559282595 0.01092896174863388 0.05051054856058479 0.03278688524590164
1963 35 2 0.022405358932355735 0.0273224043715847 0.0607655583907748 0.07103825136612021
1964 35 2 0.06554626349040593 0.01092896174863388 0.11199935587973853 0.06557377049180328
1965 35 2 0.004200881433287451 0.0 0.03498287495767982 0.03825136612021858
1966 35 2 0.06026230215777528 0.03825136612021858 0.13895135754722565 0.13114754098360656
1967 35 2 0.04389575622416575 0.00546448087431694 0.07903611617768957 0.01092896174863388
1968 35 2 0.018151709864722476 0.01639344262295082 0.05579857222112572 0.0546448087431694
1969 35 2 0.01215810303543674 0.01639344262295082 0.051895962363737835 0.04918032786885246
1970 35 2 0.004899830757334245 0.0 0.0554079155041336 0.060109289617486336
1971 35 2 0.005059135508763801 0.00546448087431694 0.046210192832541463 0.04371584699453552
1972 35 2 0.005108635623543578 0.0 0.03795768688001211 0.04918032786885246
1973 35 2 0.02280986428648446 0.01639344262295082 0.07504857045718005 0.08196721311475409
1974 35 2 0.008101283786522195 0.0 0.04853652695368593 0.0546448087431694
1975 35 2 0.007128402684079771 0.01092896174863388 0.032256720347197176 0.03278688524590164
1976 35 2 0.0024489716059056255 0.00546448087431694 0.032590137219293935 0.0273224043715847
1977 35 2 0.03669935388001333 0.03278688524590164 0.09032064974716114 0.08196721311475409
1978 35 2 0.0028933400727044756 0.0 0.02282302488960153 0.0273224043715847
1979 35 2 0.0435646416740314 0.0 0.08346167355699419 0.04918032786885246
1980 35 2 0.047040779660215915 0.03278688524590164 0.1164206694220683 0.11475409836065574
1981 35 2 0.012946673113362284 0.00546448087431694 0.051074812964074456 0.060109289617486336
1982 35 2 0.008755125648713058 0.01092896174863388 0.035014196371499495 0.04371584699453552
1983 35 2 0.04258523823383409 0.03278688524590164 0.14102619868544153 0.1366120218579235
1984 35 2 0.007241564819358892 0.00546448087431694 0.03362921915510575 0.03825136612021858
1985 35 2 0.0025289387888168813 0.0 0.021370335338911417 0.0273224043715847
1986 35 2 0.008061566245164742 0.01092896174863388 0.03895402459636843 0.03278688524590164
1987 35 2 0.02379850995178001 0.01639344262295082 0.08386896325929494 0.09836065573770492
1988 35 2 0.08240459377006837 0.07103825136612021 0.13518634798993012 0.13114754098360656
1989 35 2 0.008832783489258866 0.00546448087431694 0.03936887797913269 0.03825136612021858
1990 35 2 0.003781462345362252 0.0 0.03575078586250269 0.03825136612021858
1991 35 2 0.047864144530812114 0.04371584699453552 0.13413828783244386 0.11475409836065574
1992 35 2 0.0018923352347443023 0.0 0.01806314447900781 0.02185792349726776
1993 35 2 0.057962956439631896 0.04918032786885246 0.1407448151207027 0.1366120218579235
1994 35 2 0.01587308577928148 0.02185792349726776 0.06390236900171209 0.060109289617486336
1995 35 2 0.06273435088905543 0.02185792349726776 0.11081641818422694 0.08196721311475409
1996 35 2 0.0007570556096018199 0.00546448087431694 0.009359894576898231 0.01092896174863388
1997 35 2 0.011480106027874193 0.01092896174863388 0.036974664440989624 0.03825136612021858
1998 35 2 0.000156787836559924 0.0 0.009468276300456435 0.01092896174863388
1999 35 2 0.059708784724930686 0.06557377049180328 0.10770632723213702 0.10382513661202186
2000 35 2 0.0026218318657333928 0.0 0.015392767806648222 0.01639344262295082
2001 35 2 0.019809264553300676 0.02185792349726776 0.058865588858377116 0.04918032786885246
2002 35 2 0.04089506065364046 0.03825136612021858 0.11353994041916238 0.1366120218579235
2003 35 2 0.003248756552124199 0.0 0.020819179740104055 0.0273224043715847
2004 35 2 1.6237716254918766e-06 0.0 0.0009279082173827558 0.0
2005 35 2 0.03116693242380597 0.04371584699453552 0.09040888892241739 0.08196721311475409
2006 35 2 0.01330038704657388 0.01092896174863388 0.041253042508700544 0.03278688524590164
2007 35 2 0.0004151686273505817 0.0 0.013897914780972243 0.01639344262295082
2008 35 2 0.010317788326013266 0.01639344262295082 0.0454114668925214 0.0546448087431694
2009 35 2 0.0011018236134693327 0.0 0.009735300178669748 0.01092896174863388
2010 35 2 0.08318013122583257 0.03825136612021858 0.14580518262684983 0.14207650273224043
2011 35 2 0.02544389328864971 0.01639344262295082 0.07221535824530789 0.0546448087431694
2012 35 2 0.02390077501200938 0.01639344262295082 0.06765707059989867 0.06557377049180328
2013 35 2 0.015082777363155553 0.02185792349726776 0.051364693982938414 0.0546448087431694
2014 35 2 0.00024197893550648164 0.0 0.009715168196400503 0.00546448087431694
2015 35 2 0.010097501923126972 0.01092896174863388 0.06706143622746763 0.0546448087431694
2016 35 2 0.010799564881835089 0.01092896174863388 0.07058462346970773 0.060109289617486336
2017 35 2 0.00418046254191895 0.0 0.02954737392992668 0.04371584699453552
2018 35 2 0.007524344592502841 0.00546448087431694 0.053792641935614394 0.060109289617486336
2019 35 2 0.002928604231812959 0.0 0.029915194931610656 0.02185792349726776
2020 35 2 0.005385309556514395 0.00546448087431694 0.04797237765564499 0.060109289617486336
2021 35 2 0.011338735403092826 0.00546448087431694 0.046522354023389556 0.04371584699453552
2022 35 2 0.011304380847684703 0.00546448087431694 0.06542697502151473 0.060109289617486336
2023 35 2 0.003435746240589621 0.0 0.027789215419517954 0.03296703296703297
1900 38 2 0.00145968620519632 0.0 0.009973609371006553 0.01092896174863388
1901 38 2 0.014480938588272929 0.0 0.031072086856300363 0.01092896174863388
1902 38 2 4.113029027363879e-07 0.0 2.9068918760200013e-05 0.0
1903 38 2 0.0012478847869741294 0.0 0.004534968259470418 0.0
1904 38 2 3.069637776420553e-05 0.0 0.00063989977047052 0.0
1905 38 2 0.00038041096427232635 0.0 0.002951594660665857 0.0
1906 38 2 1.4549768264648932e-06 0.0 0.00021834722176439225 0.0
1907 38 2 2.220446049250313e-16 0.0 4.76843009522554e-11 0.0
1908 38 2 0.014091690678558866 0.0 0.030152326591323275 0.0
1909 38 2 0.00025370248197142953 0.0 0.0019919893914311926 0.0
1910 38 2 0.0002114151974417222 0.0 0.0016021476511114408 0.0
1911 38 2 0.0035021927122228513 0.0 0.013226256061622754 0.03278688524590164
1912 38 2 0.0005375068282577056 0.0 0.003909598724572083 0.00546448087431694
1913 38 2 0.0006087058126270639 0.0 0.004167596721983524 0.0
1914 38 2 0.0002679006454416877 0.0 0.003470111104904139 0.0
1915 38 2 0.0046385830485035084 0.0 0.014077262506664523 0.0
1916 38 2 0.0006621743706283212 0.0 0.004188929601819602 0.0
1917 38 2 0.000906001911879617 0.0 0.005204408112520875 0.02185792349726776
1918 38 2 0.004168446416457305 0.00546448087431694 0.013449339356210732 0.01092896174863388
1919 38 2 0.002430465205539023 0.0 0.00912820505499723 0.01639344262295082
1920 38 2 5.950263377574316e-07 0.0 9.057600920536757e-05 0.0
1921 38 2 0.0007397897006770071 0.0 0.005596909537936012 0.0
1922 38 2 3.373512569004866e-05 0.0 0.0007148244057924025 0.0
1923 38 2 0.001800840951685645 0.0 0.009125683692669195 0.02185792349726776
1924 38 2 0.003631461660244306 0.0 0.011401086337700428 0.00546448087431694
1925 38 2 0.001770016975673805 0.0 0.009008266785338392 0.01639344262295082
1926 38 2 0.0027830407406688185 0.0 0.010020292816503407 0.01639344262295082
1927 38 2 9.243421990867695e-05 0.0 0.0008556614760900638 0.0
1928 38 2 0.00035022949023610916 0.0 0.0028077477450418886 0.0
1929 38 2 0.0019559991280015954 0.0 0.011579306820838964 0.01092896174863388
1930 38 2 0.005070617192627136 0.00546448087431694 0.019133600251147853 0.01092896174863388
1931 38 2 0.0033821938819468267 0.0 0.015687136105309474 0.03278688524590164
1932 38 2 7.449804717563069e-08 0.0 8.956728675257875e-05 0.0
1933 38 2 0.022258661234487942 0.00546448087431694 0.045301161462201756 0.0273224043715847
1934 38 2 0.0013234093161808014 0.00546448087431694 0.0079405204790719 0.01639344262295082
1935 38 2 0.021525128443594554 0.0 0.043396412159341535 0.0
1936 38 2 0.005715473448330899 0.01092896174863388 0.0198154023318996 0.01639344262295082
1937 38 2 0.0029633169655929326 0.0 0.013789955816264965 0.01639344262295082
1938 38 2 7.308623890434074e-05 0.0 0.0018038158203653731 0.0
1939 38 2 4.1232825639392345e-06 0.0 0.0009495446349147008 0.0
1940 38 2 0.003446749490578216 0.0 0.012245749067398726 0.01639344262295082
1941 38 2 0.002491257029434979 0.0 0.013310410378724491 0.01092896174863388
1942 38 2 0.00015033761906335652 0.0 0.0023136329615796036 0.00546448087431694
1943 38 2 0.03931258242521607 0.0 0.06747503465954185 0.01092896174863388
1944 38 2 0.006033517516974007 0.01092896174863388 0.03129578170208569 0.03278688524590164
1946 38 2 2.760030667237068e-06 0.0 0.00022911594811203528 0.0
1947 38 2 1.9934584210234974e-05 0.0 0.0009211677052104461 0.0
1948 38 2 0.0029494462480110784 0.01092896174863388 0.011936285838835992 0.01639344262295082
1949 38 2 0.00998850192875178 0.00546448087431694 0.02924986599497037 0.03825136612021858
1950 38 2 4.926546476058391e-05 0.0 0.0009564419933592028 0.0
1951 38 2 1.2595254639258258e-07 0.0 5.635120879321498e-05 0.0
1952 38 2 0.0034124600672968963 0.0 0.016758689618164957 0.01639344262295082
1953 38 2 0.01323071415560595 0.01092896174863388 0.03714572091248247 0.060109289617486336
1954 38 2 0.0020896859501433607 0.0 0.010026106771860333 0.01092896174863388
1955 38 2 0.013103378995977577 0.0 0.03493673662642338 0.07103825136612021
1956 38 2 0.0002268497909836409 0.0 0.002566832530776386 0.00546448087431694
1957 38 2 0.0023700842648194387 0.00546448087431694 0.013374979119561203 0.01639344262295082
1958 38 2 6.352888992644523e-08 0.0 2.960131025087076e-05 0.0
1959 38 2 7.564995350262116e-06 0.0 0.0014565546510461047 0.00546448087431694
1960 38 2 7.101619292626538e-10 0.0 2.34476071658829e-06 0.0
1961 38 2 2.8697483171691296e-05 0.0 0.0031699153260704716 0.00546448087431694
1962 38 2 0.00028808283138082036 0.0 0.0037716164891490322 0.00546448087431694
1963 38 2 0.0031764294027487594 0.0 0.012446705956364434 0.01639344262295082
1964 38 2 0.02555391410748875 0.0 0.04878708910936336 0.01092896174863388
1965 38 2 2.5350364050935603e-05 0.0 0.0010053622018377784 0.0
1966 38 2 0.00889615365682428 0.01639344262295082 0.0350763777172991 0.03825136612021858
1967 38 2 0.0157565180178878 0.0 0.03180139300543727 0.0
1968 38 2 0.001950057529330751 0.0 0.00930796129896505 0.01639344262295082
1969 38 2 0.0005367744409019437 0.0 0.0049045194506085465 0.00546448087431694
1970 38 2 4.087670091079687e-06 0.0 0.0007632485063057137 0.0
1971 38 2 1.5010647707591751e-05 0.0 0.0010416898433537325 0.0
1972 38 2 4.042738550802394e-05 0.0 0.0013202817215607343 0.0
1973 38 2 0.001649003168373353 0.0 0.010708420350815095 0.01092896174863388
1974 38 2 0.00011120612452197864 0.0 0.0024373757407976093 0.0
1975 38 2 0.000302116285721743 0.0 0.002816074819052772 0.00546448087431694
1976 38 2 2.8950472562572216e-06 0.0 0.0003889970415609234 0.0
1977 38 2 0.005936871654690035 0.01092896174863388 0.02136053801132376 0.0273224043715847
1978 38 2 2.8152491880817365e-05 0.0 0.0007655754403779191 0.0
1979 38 2 0.01377583738771182 0.0 0.03039430338511062 0.0
1980 38 2 0.006842298891788889 0.01092896174863388 0.02682101361635225 0.02185792349726776
1981 38 2 0.0007194221208505214 0.0 0.005549301673154594 0.0
1982 38 2 0.0005168238471324749 0.0 0.0037835017228613488 0.00546448087431694
1983 38 2 0.0009650837599305406 0.0 0.0164928150907786 0.02185792349726776
1984 38 2 0.000284602458169414 0.0 0.0028042386003186426 0.0
1985 38 2 2.293323334756625e-05 0.0 0.000650007089194049 0.0
1986 38 2 0.0002748333798705538 0.0 0.0030128279417357406 0.01092896174863388
1987 38 2 0.00122930747130634 0.0 0.010347624731036786 0.00546448087431694
1988 38 2 0.034426227092215655 0.0 0.06269783577241128 0.04371584699453552
1989 38 2 0.00036577490732925266 0.0 0.0034864759348157692 0.0
1990 38 2 1.3904088424498973e-05 0.0 0.0008021339290839036 0.0
1991 38 2 0.004013931064057896 0.00546448087431694 0.02401957507363539 0.0273224043715847
1992 38 2 1.2021455401800551e-05 0.0 0.00044268145476689114 0.0
1993 38 2 0.007606554910026375 0.01092896174863388 0.03261554490544483 0.0273224043715847
1994 38 2 0.0007287427708202454 0.0 0.0065389303328040604 0.01092896174863388
1995 38 2 0.022899137620515875 0.00546448087431694 0.04577978133091132 0.00546448087431694
1996 38 2 3.2605623170312015e-06 0.0 0.00015527617605493038 0.0
1997 38 2 0.0011844233274856952 0.0 0.005782191830804195 0.00546448087431694
1998 38 2 4.434444589307418e-09 0.0 8.726523301416655e-06 0.0
1999 38 2 0.02093402742438566 0.01092896174863388 0.043042138972379185 0.0546448087431694
2000 38 2 7.200817881591881e-05 0.0 0.0009005347368952199 0.0
2001 38 2 0.002224098720258527 0.00546448087431694 0.010321253872608183 0.02185792349726776
2002 38 2 0.0038434158539966123 0.0 0.020981813888401257 0.01092896174863388
2003 38 2 5.997352429476521e-05 0.0 0.0010155781982561507 0.0
2004 38 2 3.587130592563881e-13 0.0 2.172499680153095e-08 0.0
2005 38 2 0.003149162806546535 0.0 0.01601900154494562 0.0273224043715847
2006 38 2 0.0015164057297076816 0.0 0.006883101485432697 0.00546448087431694
2007 38 2 5.1736063877427796e-08 0.0 3.495950578458196e-05 0.0
2008 38 2 0.0004232724963824097 0.0 0.004077396646929965 0.0
2009 38 2 1.2244625595680958e-05 0.0 0.0002913047765529253 0.0
2010 38 2 0.0301842903448446 0.00546448087431694 0.06072772094354084 0.02185792349726776
2011 38 2 0.0030557810886415737 0.00546448087431694 0.01356492306953816 0.01639344262295082
2012 38 2 0.0029775776440403856 0.0 0.0128363964123126 0.01092896174863388
2013 38 2 0.0012230930535691575 0.0 0.007171819239025878 0.01092896174863388
2014 38 2 2.7700799209995353e-08 0.0 1.9221528581248037e-05 0.0
2015 38 2 7.35903920787706e-05 0.0 0.0026447634515400775 0.00546448087431694
2016 38 2 6.148940134964587e-05 0.0 0.0027216617337455506 0.0
2017 38 2 5.080634104592807e-05 0.0 0.0011823333956333393 0.0
2018 38 2 4.3718740738940554e-05 0.0 0.001858324173709569 0.0
2019 38 2 1.071034719635211e-05 0.0 0.0006090299864867088 0.0
2020 38 2 1.535339682834369e-05 0.0 0.0011082155162551732 0.0
2021 38 2 0.0005746858907513808 0.0 0.004735265705432479 0.00546448087431694
2022 38 2 0.00012398843695105022 0.0 0.0032970934484908287 0.00546448087431694
2023 38 2 2.9924601976039078e-05 0.0 0.00088542768575961 0.0
