1900 -4.366879432309004 33.01923748556113 11.042855057463598 24.430627390675873 24.34426229508197
1901 -1.436700379779944 29.499300731133538 9.758031912474646 23.10907103506884 23.14814814814815
1902 -4.686765136180663 29.66632495602047 9.422864116698106 22.313475077880653 22.267759562841533
1903 -1.2939474740103152 26.95885958930831 7.275184509218462 22.365867967100407 22.358834244080143
1904 -4.561512910367808 30.975127998658515 10.207640048323128 23.019538389418937 23.07832422586521
1905 -3.3063192933520944 30.8246940666429 9.627708295946523 23.4718432717606 23.47905282331512
1906 -6.470278948555304 32.22741779147195 9.727516851341473 24.557051077424614 24.59016393442623
1907 -19.640159083502475 32.448202025650346 12.313687789629618 22.63601121479342 22.459016393442624
1908 5.105784573136078e-05 24.116318230574972 6.325816938122704 24.116575933392895 24.116575591985427
1909 -3.2814928733417608 30.200000977773264 9.900347648788243 22.643738505136547 22.632058287795996
1910 -2.3693706221789075 29.216807293399246 7.916616225877528 23.39733938060466 23.336369156041293
1911 -2.911329903048543 31.600733795014357 10.714813447447725 23.515227941765477 23.567091681845778
1912 -3.449614918590571 31.21022035298054 9.955367466741995 23.581077268623403 23.57012750455373
1913 -3.244307939861546 31.08198520481088 9.670829241906784 23.708117907436936 23.65513054037644
1914 -5.164184443059346 32.54363861096408 11.275386887388652 23.711251618532174 23.579234972677597
1915 -1.642061655854107 29.511861874372222 8.405431009522387 23.78387521848419 23.62477231329691
1916 -3.398777469976033 30.9808771566235 10.424693452111214 23.00138940391745 22.99028536733455
1917 -3.64944970800156 31.262291796445258 11.305790477215057 22.562279416239917 22.547055251973287
1918 -1.9669758407875517 30.138882872949956 9.046270113408418 23.704764884978847 23.758348512446872
1919 -2.2156448028515885 30.094710030006013 9.251138144312115 23.36687456670804 23.397085610200367
1920 -6.361663594466285 31.588421185998357 10.091976811626687 23.633864358845916 23.746205221615053
1921 -3.045798394635456 31.680729745449383 8.495909163330769 25.240219632895 25.306618093503342
1922 -3.7811542549185257 30.91441513849918 8.557547094399286 24.313429145885657 24.398907103825138
1923 -3.025760928938507 31.680027128001576 9.700105203247285 24.331399322378957 24.371584699453553
1924 -1.9373744873587837 29.51686629685014 9.361989437709212 22.879149874522106 22.85063752276867
1925 -2.9370043801407673 31.609484110944237 9.472262418710761 24.455045407871566 24.438372799028528
1926 -2.3764705751248716 30.308544423715787 9.904838314215347 23.024257418521913 23.029751062537947
1927 -2.857312145111833 29.084533101056685 8.883239275732912 22.39461109076896 22.440801457194897
1928 -3.7485633169096535 31.014022827447235 10.581901432394996 22.8561776519498 22.756527018822094
1929 -4.1456720235576885 32.97966922255084 11.09435960480912 24.374458197666335 24.38979963570128
1930 -3.101673682394538 32.58102367833004 10.614622538049634 24.52036185769409 24.659987856709165
1931 -3.5415192646171594 32.855200862887756 10.659263545010855 24.67036991802462 24.6448087431694
1932 -9.32518313994338 32.90989213764678 10.71946498115587 24.405754132878883 24.605343047966002
1933 -0.8459262521440187 28.962621638166638 7.7379641339578225 24.975198094799282 24.456587735276255
1934 -3.315232011800502 31.956957559046458 9.709687933508995 24.539828327712844 24.550698239222832
1935 -0.9977047318662562 29.177385205596067 8.383104906429065 24.45316201370266 23.64298724954463
1936 -2.915938715117775 32.31424403058895 10.695178251098373 24.242209640348484 24.310868245294472
1937 -3.363550679847396 32.506751937314675 10.427052404334884 24.53214457875721 24.559805707346694
1938 -5.428306101807971 32.514347218911475 10.354943198383133 24.38902151945499 24.383727990285365
1939 -9.36657511657862 33.702634944962696 11.412119695575914 24.648535095397996 24.775349119611413
1940 -2.631049367415664 30.985954454991585 10.483742063500722 23.166860470522504 23.136004857316333
1941 -2.9362553291613915 32.45792838314838 8.74143112144124 25.855664550582155 25.846994535519126
1942 -4.16304257114712 31.976940083885726 9.243684263671572 24.805541774994914 24.878567091681845
1943 2.2263211102850187e-05 24.668960966865832 7.579892328077667 24.66909561207406 24.66909532483303
1944 -5.113553176399661 34.907769847731856 11.732942908006553 25.72026741413662 25.79538554948391
1946 -5.804156383274066 31.74480250239997 9.796399001139156 24.041897289013757 24.04068002428658
1947 -6.4613137060027945 32.55813139926978 10.99327223247941 23.88996876157247 23.916211293260474
1948 -2.718950304510222 31.426580674406615 9.862527223201276 24.041097114204913 24.037644201578626
1949 -2.0917743078122752 32.01204649687139 9.037257759040688 25.506536865385236 25.476624165148753
1950 -4.909136557703346 31.422311457451325 10.754075860772236 23.014466744607127 22.94171220400729
1951 -6.844979400772193 32.026950621919184 9.372368714654774 24.6274294654133 24.64177292046145
1952 -3.5114780417562326 33.06622815073783 10.143022234990237 25.28273524078393 25.267152398299938
1953 -2.575377792677539 33.067793379604495 10.326096642095589 25.387429911525842 25.403764420157867
1954 -2.93946534081845 31.67781580611655 9.660574910685195 24.380509464870403 24.371584699453553
1955 -2.0008114880611916 32.07479047895533 9.240817695125003 25.47954930573265 25.491803278688526
1956 -4.713171872118771 31.839707104335137 11.30028839499261 23.019719437007993 22.893139040680023
1957 -3.6205971389348908 32.928177662032354 9.988098719100414 25.246444305359436 25.321797207043108
1958 -7.328473779380686 31.702458998205508 10.270478436404655 23.58304476240719 23.44262295081967
1959 -8.48837118006627 33.861556743314225 10.346246294914653 25.663142514171504 25.610200364298727
1960 -7.216199000388308 31.41409176011721 8.914322124649463 24.3688174485869 24.353369763205826
1961 -9.845717376830002 34.341152827625876 11.984607627371481 24.827762914900426 24.829993928354583
1962 -4.6916818647073395 32.54168747972524 10.257381002004355 24.537282265272676 24.599271402550094
1963 -2.3942247858044468 31.149833306113987 9.116935860105453 24.437527170704282 24.38676381299332
1964 -1.4486206688787499e-06 24.723747927884055 6.806337433867888 24.723740060900997 24.7237401335762
1965 -5.5679673605707 32.37812120325907 9.901784992559975 24.602055779575842 24.462659380692163
1966 -4.455191622078516 34.68186228687956 12.07281609774627 25.283001707091294 25.215543412264722
1967 3.854901461480569e-05 23.44848672365407 6.766369788967554 23.44869484137965 23.448694596235576
1968 -2.325734443374796 31.062819546994266 8.20630410047169 25.047602841944773 24.99696417729205
1969 -3.2186277618494756 31.89367854941414 8.324461957998675 25.550803689099993 25.500910746812387
1970 -8.00332218292278 33.3712238029297 10.404632269043194 25.133582474210513 25.130540376442013
1971 -6.688871513337731 32.9732917703666 10.29382246018532 24.850286197794716 24.84820886460231
1972 -5.745067418751539 32.504970967947514 10.418155219272725 24.31561934183309 24.27747419550698
1973 -4.014287268032691 32.929416238180316 10.456030378825275 24.834111364667784 24.778384942319367
1974 -5.251291615230509 32.69299054398448 10.092853444101408 24.782216814720055 24.650880388585307
1975 -3.768348012637974 31.32990488917519 9.977875376963993 23.635040605561358 23.67030965391621
1976 -6.862176331882113 32.621622797058436 10.054747996102076 24.682945343220474 24.620522161505765
1977 -2.761278848919596 32.46578950898584 9.879961676351371 25.053803790285233 25.124468731026106
1978 -5.008276824499135 31.623587628390062 10.138472085410744 23.69084278503915 23.63084395871281
1979 0.00021770195330967436 24.586071028475992 6.086767849920326 24.58712830628003 24.587128111718275
1980 -3.092500600380262 33.39247421727693 9.739877554518008 25.99815491651878 25.941105039465693
1981 -3.0456766671961146 31.70365058854997 8.431831305117958 25.311740959433745 25.218579234972683
1982 -3.2069835049663338 31.052529522009962 9.388767720456517 23.90099001698793 23.989071038251367
1983 -8.07883288492025 35.100207453471086 12.127330552692673 25.497283839523696 25.303582270795385
1984 -3.7034473969595227 31.400520900603084 9.624676613130557 23.986658134684895 23.961748633879775
1985 -4.087553483162765 31.290381916734148 8.504207359877968 24.699379849221494 24.805707346690948
1986 -3.550328478790473 31.626649228122865 8.857015210256659 24.82444931317057 24.87249544626594
1987 -4.8273814153891035 33.47519499332893 10.895025935249201 24.962941694564144 24.84820886460231
1988 1.629614046715548e-05 25.31563493872902 6.971730860924211 25.31572558823341 25.3157255616272
1989 -3.7371158211257054 31.67461891147213 9.602161282019395 24.273587589521476 24.247115968427448
1990 -6.168064651595481 32.56085957332517 10.164037698257026 24.55565541228209 24.50212507589557
1991 -4.32862239637922 34.29611632457133 10.128445347098122 26.42217286754999 26.457194899817846
1992 -5.0700910005930275 31.425899917715 9.899679608875656 23.67639471627493 23.694596235579844
1993 -4.013566893051097 34.41559652522106 10.771121976664503 26.076427781609006 25.980570734669094
1994 -3.5929319262323625 32.45123028166857 8.863088269102722 25.63846108470687 25.601092896174862
1995 7.287193758633122e-06 25.11532369788698 6.451197020030098 25.115361207335933 25.115361262902248
1996 -4.805187384096486 30.677900113739067 9.543260013883678 23.223197610490825 23.29083181542198
1997 -2.4523346761723905 30.257664862515412 8.92719937346683 23.66207190782299 23.60048573163327
1998 -7.4068533425095655 31.8108780757157 9.16280815382263 24.56574785521289 24.553734061930783
1999 5.04887587483809e-05 25.21832611269369 6.281323474926239 25.2185791507914 25.218579234972683
2000 -3.5482172879230265 30.199350461848812 9.43366544968801 22.95459929938262 22.908318154219792
2001 -2.7203292074791126 31.50084675985235 9.24796024028672 24.57515913274941 24.608378870673945
2002 -4.409067055134342 34.01471272929591 11.018329050625255 25.441108849554475 25.303582270795385
2003 -4.648804297619519 31.23370636515768 10.638359940992292 22.93534280321522 22.953855494839107
2004 -7.666567541461816 30.8458529663128 8.407170388977995 24.194246985607563 24.231936854887667
2005 -3.351637819285239 32.954016289826015 9.664862253584367 25.564468297497875 25.53734061930783
2006 -1.914395943994733 29.882981638875023 7.642578691707339 24.478052230020875 24.44140862173649
2007 -7.621446242667153 32.032221128174626 10.040345498878434 24.089264570291693 24.34426229508197
2008 -3.643682219077788 31.885408323301952 9.205847903777562 24.80212374520747 24.811778992106863
2009 -3.6991378929162506 30.058195778962933 8.67890640089065 23.373386801053 23.351548269581055
2010 4.25062204405106e-05 26.596636999134894 6.071671192117423 26.59684292020944 26.59684274438373
2011 -2.703216806415374 31.941068208327906 9.098032108751262 25.13280498195163 25.148755312689737
2012 -2.481844506456246 31.577773337914508 8.76332430083706 25.092316324402418 25.027322404371585
2013 -3.009318530066353 31.556444759347 9.218380725670452 24.576527537241674 24.568913175470552
2014 -6.493835323518747 31.614590906212257 8.879620991570782 24.612217685113137 24.60230722525805
2015 -5.448796918171565 33.20207650074893 9.099371058479964 26.06109438443475 26.238615664845174
2016 -6.816641829217891 33.55904640092024 10.51982599781686 25.254326214795913 25.370370370370374
2017 -4.593417894166876 31.817179983328927 9.45482693957252 24.445974842413822 24.350333940497876
2018 -6.699851313171808 33.17313392645353 10.859583563288812 24.603371216360877 24.638737097753495
2019 -5.461842208464192 32.20488710134559 9.347807528638366 24.86836730643561 24.833029751062536
2020 -7.211792496099702 33.10894512279752 10.86736890059915 24.520214293975897 24.42622950819672
2021 -3.2668568491834393 31.682426120943184 8.8269405879388 24.94799135655347 24.975713418336365
2022 -5.937755531935164 33.29848137968429 10.326067115025882 25.17388603915597 25.100182149362475
2023 -4.413828450581173 31.740979949152972 8.771463378387313 24.915351559058525 24.83211233211233
