1933 -2.557092153142017 43.619666624587424 4.5793887147957335 40.21679836520686 40.23224043715846
1934 -2.7823138704199497 42.650144928723364 6.973198044427983 37.414250241170514 37.44687310261081
1935 -2.390020912593955 34.097969105696336 6.099085782145345 29.60871631669672 29.590163934426226
1938 -5.579423473123603 42.17600081223332 7.898991097137471 35.97237097558117 36.17182756527019
1939 -4.99309009512884 42.13314121462306 7.571658601427473 36.20946537258389 36.0453216374269
1940 -0.8016843733085319 41.619372175402916 4.087477974925958 39.57941963827005 39.57879448075526
1941 -22.264718267453183 43.045862796749205 10.49333371081947 34.68182587795539 34.67032967032967
1942 -6.058763322457725 44.006656216027906 9.262696331566481 36.71474795272184 36.8040293040293
1943 -4.3504099258299345 42.96166460958374 7.591252106870744 37.058663439044665 37.17364905889496
1944 -3.3130067571205335 42.855633168210716 9.224883920128146 35.80923549187425 35.84699453551912
1946 -5.925631510150835 42.47233484476634 8.22425883113684 36.001817074635916 35.84859584859584
1948 -4.536841927393549 43.94772933459833 7.91623597327742 37.77954714876342 37.82027929568913
1949 -5.788139269490227 42.68985439010651 7.624423941155332 36.69525128798432 36.80327868852459
1950 -2.396023843031565 42.7588357137032 7.16187730206738 37.485345354594685 37.48633879781422
1951 -7.712980281111159 43.15747263122675 9.301102915524021 35.79786421435191 35.97449908925318
1952 -9.340202784990165 43.1609070399937 8.582655220178179 36.35185286636317 36.59380692167578
1953 -8.833849211811101 42.76613914085168 9.585270894136386 35.16673558318787 35.230722525804495
1954 -2.4263674486326217 40.74691724655435 6.279316682503206 36.11473314977905 36.117182756527015
1955 1.664077174445265e-05 34.49598708927378 4.991293467163169 34.4960533607478 34.496053430479655
1956 4.8035222745201797e-05 35.23052845242217 5.059591815060561 35.23072236918439 35.230722525804495
1957 -5.170930759789175 42.05207952172812 9.308829634217904 34.759818847348775 34.823922282938675
1958 -5.304180113573734 43.87255443435248 9.214248479228019 36.647922087112065 36.909532483302975
1959 -6.410022157812686 42.760951389343376 8.070860356508184 36.39829749990507 36.20522161505768
1960 -5.57843551153792 43.01969912138081 8.081620195242376 36.67267287694449 36.7243472981178
1961 -2.9699238063053124 42.51132022155769 7.818219616319289 36.599413167167015 36.51791135397693
1962 -7.265011520138348 43.77964144414159 8.359560259738334 37.17197946393397 37.1250758955677
1963 -4.657445722576822 42.1907884278322 7.792482479288255 36.11182936910278 36.214329083181546
1964 -4.030323437187596 41.644091740214144 8.862218092553427 34.78116131549862 34.85731633272617
1965 -8.279309285466994 43.09538586436678 10.729094625894188 34.596575064296665 34.83606557377049
1966 -3.5902420574631737 42.45597154478193 7.12815273299633 36.97708638510357 37.204007285974505
1967 -9.199382206248515 42.19711868539755 9.265592970482725 34.847540115306955 34.9939283545841
1968 -3.2517341407467413 42.21182199941184 7.986251279875184 36.121215426035185 36.15361262902247
1969 -5.505103137928495 43.19053936785022 8.297599365954508 36.67660948945046 36.769884638737096
1970 -6.350949370325994 43.72163491353146 9.24845952043546 36.43224026518193 36.472374013357616
1971 -1.0508349750592871 39.822990541902186 6.729727741799234 35.933228986822314 35.649666059502124
1972 -2.142113361284983 41.43504288512534 6.502348308577549 36.73394495116976 36.74863387978142
1973 -6.529606933918629 44.26360970867573 8.970609770879246 37.18858828305601 37.38312082574378
1974 -3.3029318106544983 43.77910018359768 7.7582869357552156 37.85446897818496 37.80813600485732
1975 -6.185179574630737 43.61519320591485 9.840154123476346 35.864531463576924 36.24772313296903
1976 -4.795111688268149 42.08586952480465 8.316502092172357 35.59001421032085 35.74681238615665
1977 -8.585856721365985 43.83793501164189 8.616617802342102 37.00903109491368 37.11293260473588
1978 -7.670298438232383 44.64824931564313 9.185794307291388 37.38055060226219 37.4802671523983
1979 3.28114721885738e-05 37.54387188577206 5.635819827239214 37.54401943022235 37.54401942926533
1980 -8.189736795424846 43.959795201780466 9.508121147607717 36.4293417026509 36.56648451730418
1981 -7.99436876032957 44.16088480802626 7.900223577268074 37.90616233918115 37.817243472981176
1982 -7.144328223555191 43.6500710680142 8.63431036999463 36.827398601632055 36.76381299332119
1983 -9.267454984899498 44.38062650346565 10.061864688981048 36.39875352154386 36.70613236187006
1984 -6.169467872964499 42.97583766529441 7.945743567752196 36.71772727181522 36.988463873709776
1985 0.00012993157504017757 37.5556100645383 5.322982480176697 37.556161900244234 37.55616272009714
1986 -6.561328243159393 43.74039572399104 8.366357792867356 37.14121177480421 37.15239829993928
1987 -4.265598954077499 43.06290072236749 6.646947012919036 37.89939743444869 37.923497267759565
1988 -7.069223259058501 44.34178809425343 8.740051663878194 37.43697776624383 37.69277474195507
1989 -3.3865528679173966 44.16882158235623 6.685718105490373 39.05277261892001 39.14693381906496
1990 -1.7537571110682801 42.286561759324094 7.069345564974247 37.38663564914289 37.38312082574378
1991 -8.548898542688331 43.34442130037067 8.097586163052618 36.927236164239616 36.92167577413479
1992 -4.836175877810627 43.14108706202168 7.013175975542488 37.66130262479395 37.73224043715847
1993 -4.720942351635436 43.11588902986418 7.5464536019265775 37.22538948504411 37.23740133576199
1994 -4.634769403702928 44.007406712905556 9.052303369252057 36.94718018655233 37.049180327868854
1995 -4.579610375997522 44.490916322969504 10.60507927268952 36.22407690296819 36.202185792349724
1996 -7.4017774618521806 43.64461012034258 7.970906923672084 37.34200632400744 37.29204614450516
1997 -6.409668148197204 43.12751308406767 8.16843409960893 36.68794549208617 36.97935640558591
1998 -5.688961057838237 43.951069613069556 10.629936251640142 35.59767847162826 35.6314511232544
1999 -9.423861012258552e-06 35.482742996518084 6.270732843888501 35.48269584591713 35.482695810564664
2000 -6.095532820266042 43.5040982000652 7.293495803695916 37.761495345621256 37.82635094110504
2001 -6.220776974880867 44.202110506533025 8.252874205172427 37.70073512073571 38.18761384335155
2002 -4.960915369612419 44.38387552400985 8.041069203258743 38.09453493904298 38.38190649666059
2003 -6.563522154358872 44.83474957815762 9.33461309149644 37.4717730281114 37.68973891924712
2004 -10.289544302352155 43.55351938119079 7.991054193028026 37.20747975097712 37.349726775956285
2005 -6.848896297028091 44.628379165067486 8.889463118420984 37.61002998150414 37.52580449301761
2006 -3.9157657845309997 43.71637353898949 8.09139116129321 37.46113267554406 37.47115968427444
2007 -8.590982388947236 44.9675227402605 8.68310610286509 38.08587010182913 38.1056466302368
2008 -7.209732771352465 44.33251936871444 8.76760085763527 37.40332072031039 37.33151183970856
2009 -5.824046206598058 44.752420206895586 8.780871134832635 37.847345520478726 37.91135397692774
2010 -11.648287814691521 44.734503746746164 9.62068132865059 37.08644255714326 37.21918639951427
2011 -6.535124782685687 45.05903803328802 9.168129709387387 37.82809494244879 37.905282331511835
2012 -4.664081829423406 43.978420959978514 7.825553335476645 37.87328060042778 37.97207043108682
2013 -4.875488356767212 44.25428158167813 7.916543605742829 38.066607933561244 38.09350333940498
2014 -6.021957344263239 43.544505594777775 7.732345504919454 37.45833073822513 37.58044930176078
2015 -1.6634048980828435 42.88657377134402 7.7533249619493105 37.58465506235518 37.42258652094718
2016 -5.798997290545224 44.539588817411314 9.179680056469497 37.32179469659524 37.185792349726775
2017 -3.584773457304692 44.21383940279767 8.127422363915418 37.967575901081815 37.978142076502735
2018 -4.023133645573566 43.87074093884466 6.9484857043680375 38.49036916996967 38.5853066180935
2019 -8.17617097421471 44.94795012197836 9.473986351034847 37.444714493361616 37.39829993928355
2020 -8.180692189757707 46.1724891841465 8.73259403602453 39.256367306130656 39.35640558591378
2021 -2.610716220769784 43.36506271613326 7.264787473985111 37.95210249739197 37.91135397692774
2022 -3.638678003214099 43.6607189166549 6.775600939644679 38.447849412742634 38.4274438372799
2023 -8.950411919941274 47.292584161335306 9.968465439800566 39.38808186510852 39.195506982392224
