# 1944 -12.410877571602974 110.67007561650502 17.54137697851635
# 2022 -3.6386568752533224 110.58929640070433 12.196054671990183
1944 84.0
1944 85.0
1944 84.0
1944 90.0
1944 86.0
1944 87.0
1944 86.0
1944 82.0
1944 63.0
1944 73.0
1944 79.0
1944 79.0
1944 76.0
1944 76.0
1944 83.0
1944 83.0
1944 77.0
1944 78.0
1944 81.0
1944 76.0
1944 71.0
1944 78.0
1944 83.0
1944 84.0
1944 76.0
1944 85.0
1944 78.0
1944 70.0
1944 79.0
1944 85.0
1944 89.0
1944 92.0
1944 87.0
1944 90.0
1944 94.0
1944 93.0
1944 94.0
1944 94.0
1944 90.0
1944 80.0
1944 89.0
1944 96.0
1944 98.0
1944 95.0
1944 94.0
1944 73.0
1944 81.0
1944 87.0
1944 88.0
1944 88.0
1944 90.0
1944 91.0
1944 91.0
1944 89.0
1944 93.0
1944 94.0
1944 97.0
1944 98.0
1944 98.0
1944 94.0
1944 96.0
1944 95.0
1944 88.0
1944 86.0
1944 93.0
1944 99.0
1944 103.0
1944 102.0
1944 101.0
1944 98.0
1944 95.0
1944 93.0
1944 99.0
1944 100.0
1944 98.0
1944 92.0
1944 87.0
1944 90.0
1944 99.0
1944 102.0
1944 103.0
1944 99.0
1944 98.0
1944 104.0
1944 102.0
1944 103.0
1944 96.0
1944 100.0
1944 107.0
1944 112.0
1944 108.0
1944 105.0
1944 108.0
1944 104.0
1944 109.0
1944 109.0
1944 107.0
1944 103.0
1944 103.0
1944 104.0
1944 102.0
1944 102.0
1944 106.0
1944 110.0
1944 102.0
1944 105.0
1944 107.0
1944 109.0
1944 107.0
1944 106.0
1944 107.0
1944 106.0
1944 103.0
1944 95.0
1944 102.0
1944 102.0
1944 103.0
1944 107.0
1944 109.0
1944 110.0
1944 108.0
1944 107.0
1944 110.0
1944 110.0
1944 110.0
1944 113.0
1944 111.0
1944 108.0
1944 106.0
1944 91.0
1944 98.0
1944 102.0
1944 111.0
1944 105.0
1944 102.0
1944 103.0
1944 100.0
1944 99.0
1944 99.0
1944 102.0
1944 105.0
1944 108.0
1944 109.0
1944 110.0
1944 108.0
1944 105.0
1944 107.0
1944 110.0
1944 110.0
1944 108.0
1944 109.0
1944 107.0
1944 108.0
1944 102.0
1944 101.0
1944 101.0
1944 105.0
1944 109.0
1944 102.0
1944 100.0
1944 102.0
1944 104.0
1944 100.0
1944 101.0
1944 103.0
1944 101.0
1944 99.0
1944 90.0
1944 86.0
1944 92.0
1944 94.0
1944 95.0
1944 98.0
1944 104.0
1944 106.0
1944 104.0
1944 87.0
1944 89.0
1944 90.0
1944 90.0
1944 93.0
1944 95.0
1944 98.0
2022 87.0
2022 89.0
2022 87.0
2022 88.0
2022 93.0
2022 95.0
2022 94.0
2022 97.0
2022 97.0
2022 90.0
2022 88.0
2022 75.0
2022 76.0
2022 84.0
2022 89.0
2022 91.0
2022 92.0
2022 95.0
2022 99.0
2022 90.0
2022 94.0
2022 80.0
2022 82.0
2022 86.0
2022 92.0
2022 99.0
2022 94.0
2022 93.0
2022 90.0
2022 96.0
2022 97.0
2022 93.0
2022 92.0
2022 93.0
2022 96.0
2022 99.0
2022 102.0
2022 96.0
2022 89.0
2022 90.0
2022 89.0
2022 86.0
2022 96.0
2022 104.0
2022 105.0
2022 105.0
2022 102.0
2022 103.0
2022 101.0
2022 99.0
2022 93.0
2022 97.0
2022 97.0
2022 99.0
2022 103.0
2022 105.0
2022 106.0
2022 102.0
2022 95.0
2022 95.0
2022 97.0
2022 100.0
2022 103.0
2022 103.0
2022 101.0
2022 102.0
2022 105.0
2022 107.0
2022 110.0
2022 109.0
2022 113.0
2022 114.0
2022 113.0
2022 108.0
2022 105.0
2022 107.0
2022 113.0
2022 111.0
2022 98.0
2022 101.0
2022 103.0
2022 108.0
2022 107.0
2022 108.0
2022 108.0
2022 107.0
2022 107.0
2022 103.0
2022 107.0
2022 109.0
2022 105.0
2022 108.0
2022 105.0
2022 109.0
2022 105.0
2022 105.0
2022 107.0
2022 107.0
2022 112.0
2022 112.0
2022 113.0
2022 115.0
2022 112.0
2022 113.0
2022 111.0
2022 112.0
2022 114.0
2022 112.0
2022 108.0
2022 111.0
2022 111.0
2022 110.0
2022 114.0
2022 108.0
2022 100.0
2022 102.0
2022 99.0
2022 98.0
2022 92.0
2022 100.0
2022 104.0
2022 103.0
2022 105.0
2022 107.0
2022 101.0
2022 95.0
2022 102.0
2022 108.0
2022 105.0
2022 104.0
2022 98.0
2022 104.0
2022 105.0
2022 106.0
2022 104.0
2022 101.0
2022 102.0
2022 105.0
2022 106.0
2022 105.0
2022 99.0
2022 97.0
2022 97.0
2022 99.0
2022 105.0
2022 101.0
2022 103.0
2022 106.0
2022 106.0
2022 104.0
2022 108.0
2022 111.0
2022 109.0
2022 108.0
2022 108.0
2022 108.0
2022 109.0
2022 109.0
2022 110.0
2022 108.0
2022 104.0
2022 101.0
2022 95.0
2022 103.0
2022 96.0
2022 97.0
2022 98.0
2022 98.0
2022 98.0
2022 100.0
2022 102.0
2022 104.0
2022 97.0
2022 88.0
2022 93.0
2022 101.0
2022 103.0
2022 104.0
2022 105.0
2022 103.0
2022 102.0
2022 101.0
2022 98.0
