1934 0.273972602739726 0.3013698630136986
1938 0.20821917808219179 0.2547945205479452
1941 0.17307692307692307 0.2087912087912088
1942 0.2445054945054945 0.27472527472527475
1943 0.2547945205479452 0.2821917808219178
1944 0.226775956284153 0.24043715846994534
1948 0.27595628415300544 0.3087431693989071
1949 0.2410958904109589 0.26301369863013696
1950 0.2602739726027397 0.29863013698630136
1951 0.23013698630136986 0.25205479452054796
1952 0.25956284153005466 0.28415300546448086
1953 0.20821917808219179 0.25205479452054796
1954 0.1726027397260274 0.2
1955 0.12602739726027398 0.1643835616438356
1956 0.15027322404371585 0.1912568306010929
1957 0.16164383561643836 0.1917808219178082
1958 0.29041095890410956 0.3013698630136986
1959 0.19452054794520549 0.2136986301369863
1960 0.226775956284153 0.2677595628415301
1961 0.2054794520547945 0.21643835616438356
1962 0.2493150684931507 0.273972602739726
1963 0.2136986301369863 0.23013698630136986
1964 0.15846994535519127 0.18579234972677597
1965 0.2054794520547945 0.2273972602739726
1966 0.2547945205479452 0.28493150684931506
1967 0.20273972602739726 0.2191780821917808
1968 0.22131147540983606 0.23770491803278687
1969 0.2493150684931507 0.2821917808219178
1970 0.2465753424657534 0.25753424657534246
1971 0.21095890410958903 0.22465753424657534
1972 0.21311475409836064 0.24316939890710382
1973 0.2958904109589041 0.3178082191780822
1974 0.27671232876712326 0.29315068493150687
1975 0.27123287671232876 0.3041095890410959
1976 0.18032786885245902 0.22404371584699453
1977 0.25753424657534246 0.27945205479452057
1978 0.29315068493150687 0.3178082191780822
1979 0.27671232876712326 0.29863013698630136
1980 0.27049180327868855 0.2923497267759563
1981 0.2684931506849315 0.29315068493150687
1982 0.23835616438356164 0.2684931506849315
1983 0.2876712328767123 0.29315068493150687
1984 0.2568306010928962 0.2978142076502732
1985 0.25205479452054796 0.27945205479452057
1986 0.26575342465753427 0.27671232876712326
1987 0.28493150684931506 0.3178082191780822
1988 0.29508196721311475 0.3333333333333333
1989 0.35342465753424657 0.3917808219178082
1990 0.23013698630136986 0.25753424657534246
1991 0.273972602739726 0.30684931506849317
1992 0.29508196721311475 0.32786885245901637
1993 0.27945205479452057 0.2958904109589041
1994 0.26301369863013696 0.29041095890410956
1995 0.2273972602739726 0.2547945205479452
1996 0.2650273224043716 0.2923497267759563
1997 0.27671232876712326 0.2958904109589041
1998 0.22465753424657534 0.2410958904109589
1999 0.2136986301369863 0.25205479452054796
2000 0.2923497267759563 0.3251366120218579
2001 0.3315068493150685 0.34794520547945207
2002 0.2958904109589041 0.3150684931506849
2003 0.31232876712328766 0.35342465753424657
2004 0.2814207650273224 0.2978142076502732
2005 0.27123287671232876 0.2876712328767123
2006 0.2684931506849315 0.2876712328767123
2007 0.2958904109589041 0.3095890410958904
2008 0.2650273224043716 0.2896174863387978
2009 0.3013698630136986 0.3232876712328767
2010 0.2821917808219178 0.2958904109589041
2011 0.29041095890410956 0.32054794520547947
2012 0.2978142076502732 0.319672131147541
2013 0.2958904109589041 0.3150684931506849
2014 0.2876712328767123 0.3013698630136986
2015 0.273972602739726 0.2958904109589041
2016 0.24316939890710382 0.27049180327868855
2017 0.29315068493150687 0.29863013698630136
2018 0.32054794520547947 0.3506849315068493
2019 0.26575342465753427 0.2821917808219178
2020 0.3743169398907104 0.39617486338797814
2021 0.2602739726027397 0.28493150684931506
2022 0.29863013698630136 0.3095890410958904
