1944 42.0
1944 35.0
1944 36.0
1944 40.0
1944 39.0
1944 41.0
1944 34.0
1944 23.0
1944 28.0
1944 35.0
1944 42.0
1944 37.0
1944 34.0
1944 41.0
1944 36.0
1944 32.0
1944 36.0
1944 40.0
1944 39.0
1944 45.0
1944 40.0
1944 47.0
1944 44.0
1944 41.0
1944 46.0
1944 49.0
1944 62.0
1944 52.0
1944 44.0
1944 39.0
1944 41.0
1944 38.0
1944 36.0
1944 44.0
1944 41.0
1944 45.0
1944 49.0
1944 37.0
1944 33.0
1944 29.0
1944 35.0
1944 27.0
1944 28.0
1944 32.0
1944 46.0
1944 49.0
1944 34.0
1944 40.0
1944 47.0
1944 31.0
1944 36.0
1944 47.0
1944 44.0
1944 50.0
1944 60.0
1944 48.0
1944 37.0
1944 36.0
1944 47.0
1944 38.0
1944 37.0
1944 34.0
1944 39.0
1944 34.0
1944 37.0
1944 42.0
1944 53.0
1944 43.0
1944 32.0
1944 33.0
1944 43.0
1944 54.0
1944 53.0
1944 49.0
1944 45.0
1944 47.0
1944 52.0
1944 54.0
1944 27.0
1944 30.0
1944 45.0
1944 43.0
1944 51.0
1944 58.0
1944 62.0
1944 59.0
1944 48.0
1944 49.0
1944 42.0
1944 39.0
1944 47.0
1944 49.0
1944 54.0
1944 49.0
1944 41.0
1944 34.0
1944 48.0
1944 66.0
1944 68.0
1944 59.0
1944 73.0
1944 55.0
1944 55.0
1944 56.0
1944 64.0
1944 44.0
1944 48.0
1944 55.0
1944 63.0
1944 62.0
1944 68.0
1944 54.0
1944 58.0
1944 47.0
1944 47.0
1944 65.0
1944 64.0
1944 54.0
1944 59.0
1944 74.0
1944 80.0
1944 83.0
1944 59.0
1944 75.0
1944 85.0
1944 87.0
1944 78.0
1944 62.0
1944 71.0
1944 71.0
1944 73.0
1944 80.0
1944 81.0
1944 86.0
1944 81.0
1944 79.0
1944 79.0
1944 81.0
1944 76.0
1944 67.0
1944 74.0
1944 75.0
1944 88.0
1944 64.0
1944 58.0
1944 59.0
1944 68.0
1944 84.0
1944 87.0
1944 87.0
1944 84.0
1944 92.0
1944 85.0
1944 85.0
1944 83.0
1944 67.0
1944 69.0
1944 81.0
1944 78.0
1944 76.0
1944 81.0
1944 66.0
1944 80.0
1944 86.0
1944 87.0
1944 69.0
1944 69.0
1944 92.0
1944 91.0
1944 93.0
1944 81.0
1944 82.0
1944 69.0
1944 86.0
1944 83.0
1944 80.0
1944 74.0
1944 88.0
1944 91.0
1944 89.0
1944 93.0
1944 86.0
1944 87.0
1944 86.0
1944 84.0
1944 87.0
1944 93.0
1944 94.0
1944 91.0
1944 94.0
1944 92.0
1944 91.0
1944 93.0
1944 93.0
1944 91.0
1944 87.0
1944 86.0
1944 86.0
1944 86.0
1944 87.0
1944 80.0
1944 84.0
1944 81.0
1944 89.0
1944 93.0
1944 93.0
1944 94.0
1944 91.0
1944 93.0
1944 91.0
1944 87.0
1944 91.0
1944 90.0
1944 90.0
1944 81.0
1944 83.0
1944 100.0
1944 101.0
1944 89.0
1944 80.0
1944 85.0
1944 88.0
1944 97.0
1944 102.0
1944 97.0
1944 96.0
1944 95.0
1944 95.0
1944 96.0
1944 95.0
1944 85.0
1944 80.0
1944 83.0
1944 86.0
1944 85.0
1944 89.0
1944 76.0
1944 77.0
1944 79.0
1944 81.0
1944 80.0
1944 79.0
1944 88.0
1944 89.0
1944 85.0
1944 97.0
1944 94.0
1944 85.0
1944 90.0
1944 86.0
1944 83.0
1944 75.0
1944 72.0
1944 80.0
1944 81.0
1944 72.0
1944 74.0
1944 78.0
1944 86.0
1944 84.0
1944 80.0
1944 73.0
1944 69.0
1944 78.0
1944 75.0
1944 73.0
1944 67.0
1944 66.0
1944 67.0
1944 77.0
1944 78.0
1944 75.0
1944 73.0
1944 61.0
1944 72.0
1944 72.0
1944 61.0
1944 63.0
1944 66.0
1944 71.0
1944 88.0
1944 80.0
1944 74.0
1944 72.0
1944 72.0
1944 72.0
1944 63.0
1944 68.0
1944 58.0
1944 63.0
1944 70.0
1944 77.0
1944 70.0
1944 55.0
1944 50.0
1944 56.0
1944 63.0
1944 65.0
1944 69.0
1944 64.0
1944 47.0
1944 59.0
1944 52.0
1944 57.0
1944 61.0
1944 69.0
1944 67.0
1944 69.0
1944 66.0
1944 56.0
1944 45.0
1944 50.0
1944 59.0
1944 59.0
1944 60.0
1944 54.0
1944 54.0
1944 58.0
1944 65.0
1944 52.0
1944 50.0
1944 47.0
1944 49.0
1944 45.0
1944 45.0
1944 42.0
1944 43.0
1944 45.0
1944 41.0
1944 43.0
1944 48.0
1944 49.0
1944 53.0
1944 44.0
1944 45.0
1944 37.0
1944 31.0
1944 30.0
1944 39.0
1944 50.0
1944 52.0
1944 48.0
1944 53.0
1944 42.0
1944 42.0
1944 42.0
1944 45.0
1944 40.0
1944 36.0
1944 39.0
1944 38.0
1944 41.0
1944 39.0
1944 24.0
1944 32.0
1944 38.0
1944 26.0
1944 36.0
1944 36.0
1944 42.0
1944 42.0
1944 33.0
1944 36.0
1944 26.0
1944 30.0
1944 41.0
2022 56.0
2022 59.0
2022 37.0
2022 34.0
2022 47.0
2022 41.0
2022 34.0
2022 30.0
2022 40.0
2022 40.0
2022 24.0
2022 40.0
2022 48.0
2022 43.0
2022 21.0
2022 37.0
2022 44.0
2022 36.0
2022 49.0
2022 46.0
2022 22.0
2022 29.0
2022 37.0
2022 36.0
2022 42.0
2022 28.0
2022 32.0
2022 32.0
2022 29.0
2022 26.0
2022 31.0
2022 36.0
2022 47.0
2022 52.0
2022 57.0
2022 27.0
2022 30.0
2022 37.0
2022 45.0
2022 46.0
2022 54.0
2022 57.0
2022 59.0
2022 42.0
2022 25.0
2022 30.0
2022 49.0
2022 68.0
2022 63.0
2022 40.0
2022 36.0
2022 55.0
2022 61.0
2022 68.0
2022 35.0
2022 41.0
2022 37.0
2022 48.0
2022 36.0
2022 48.0
2022 52.0
2022 48.0
2022 37.0
2022 46.0
2022 68.0
2022 74.0
2022 50.0
2022 41.0
2022 51.0
2022 55.0
2022 48.0
2022 35.0
2022 56.0
2022 68.0
2022 67.0
2022 53.0
2022 74.0
2022 70.0
2022 61.0
2022 62.0
2022 58.0
2022 49.0
2022 47.0
2022 60.0
2022 53.0
2022 46.0
2022 33.0
2022 38.0
2022 47.0
2022 66.0
2022 61.0
2022 54.0
2022 48.0
2022 54.0
2022 57.0
2022 53.0
2022 54.0
2022 65.0
2022 55.0
2022 50.0
2022 61.0
2022 72.0
2022 71.0
2022 79.0
2022 70.0
2022 73.0
2022 51.0
2022 54.0
2022 50.0
2022 60.0
2022 59.0
2022 70.0
2022 65.0
2022 63.0
2022 58.0
2022 60.0
2022 58.0
2022 58.0
2022 63.0
2022 68.0
2022 69.0
2022 56.0
2022 62.0
2022 65.0
2022 74.0
2022 61.0
2022 50.0
2022 58.0
2022 70.0
2022 73.0
2022 75.0
2022 75.0
2022 72.0
2022 72.0
2022 76.0
2022 75.0
2022 77.0
2022 72.0
2022 66.0
2022 69.0
2022 90.0
2022 89.0
2022 73.0
2022 67.0
2022 70.0
2022 70.0
2022 80.0
2022 74.0
2022 77.0
2022 84.0
2022 93.0
2022 72.0
2022 79.0
2022 76.0
2022 80.0
2022 77.0
2022 80.0
2022 78.0
2022 82.0
2022 81.0
2022 77.0
2022 74.0
2022 72.0
2022 85.0
2022 81.0
2022 83.0
2022 71.0
2022 88.0
2022 75.0
2022 73.0
2022 78.0
2022 80.0
2022 67.0
2022 74.0
2022 81.0
2022 90.0
2022 89.0
2022 77.0
2022 79.0
2022 84.0
2022 86.0
2022 91.0
2022 87.0
2022 88.0
2022 85.0
2022 87.0
2022 85.0
2022 84.0
2022 83.0
2022 85.0
2022 83.0
2022 85.0
2022 90.0
2022 91.0
2022 90.0
2022 86.0
2022 85.0
2022 83.0
2022 81.0
2022 90.0
2022 95.0
2022 92.0
2022 94.0
2022 95.0
2022 95.0
2022 86.0
2022 81.0
2022 85.0
2022 87.0
2022 85.0
2022 87.0
2022 86.0
2022 77.0
2022 90.0
2022 89.0
2022 93.0
2022 89.0
2022 92.0
2022 92.0
2022 93.0
2022 97.0
2022 87.0
2022 89.0
2022 85.0
2022 79.0
2022 82.0
2022 83.0
2022 83.0
2022 81.0
2022 87.0
2022 90.0
2022 90.0
2022 82.0
2022 79.0
2022 86.0
2022 90.0
2022 91.0
2022 87.0
2022 90.0
2022 82.0
2022 85.0
2022 89.0
2022 85.0
2022 86.0
2022 79.0
2022 82.0
2022 90.0
2022 88.0
2022 74.0
2022 72.0
2022 78.0
2022 80.0
2022 86.0
2022 76.0
2022 81.0
2022 82.0
2022 80.0
2022 74.0
2022 75.0
2022 76.0
2022 83.0
2022 85.0
2022 79.0
2022 80.0
2022 75.0
2022 63.0
2022 69.0
2022 72.0
2022 74.0
2022 70.0
2022 69.0
2022 66.0
2022 62.0
2022 61.0
2022 60.0
2022 53.0
2022 55.0
2022 59.0
2022 74.0
2022 76.0
2022 58.0
2022 61.0
2022 67.0
2022 70.0
2022 70.0
2022 69.0
2022 67.0
2022 68.0
2022 64.0
2022 66.0
2022 56.0
2022 54.0
2022 58.0
2022 62.0
2022 66.0
2022 61.0
2022 61.0
2022 70.0
2022 72.0
2022 65.0
2022 56.0
2022 58.0
2022 63.0
2022 65.0
2022 67.0
2022 70.0
2022 67.0
2022 70.0
2022 76.0
2022 75.0
2022 77.0
2022 58.0
2022 53.0
2022 66.0
2022 68.0
2022 69.0
2022 61.0
2022 45.0
2022 46.0
2022 50.0
2022 46.0
2022 44.0
2022 40.0
2022 40.0
2022 41.0
2022 51.0
2022 55.0
2022 54.0
2022 55.0
2022 57.0
2022 60.0
2022 54.0
2022 44.0
2022 58.0
2022 43.0
2022 47.0
2022 58.0
2022 45.0
2022 48.0
2022 58.0
2022 59.0
2022 55.0
2022 45.0
2022 39.0
2022 40.0
2022 38.0
2022 40.0
2022 39.0
2022 42.0
2022 44.0
2022 44.0
2022 40.0
2022 39.0
2022 39.0
2022 40.0
2022 47.0
2022 58.0
2022 15.0
2022 28.0
2022 29.0
2022 35.0
2022 47.0
2022 51.0
2022 62.0
2022 55.0
