-0.0041629503756089965 -0.01 -0.01 1 1
-0.004148008665891507 -0.0099 -0.01 1 1
-0.0041328263927218455 -0.009800000000000001 -0.01 1 1
-0.004117399222178444 -0.009700000000000002 -0.01 1 1
-0.00410172272354389 -0.009600000000000003 -0.01 1 1
-0.004085792366677601 -0.009500000000000003 -0.01 1 1
-0.0040696035193039685 -0.009400000000000004 -0.01 1 1
-0.004053151444212845 -0.009300000000000004 -0.01 1 1
-0.00403643129636908 -0.009200000000000005 -0.01 1 1
-0.004019438119927671 -0.009100000000000006 -0.01 1 1
-0.004002166845150951 -0.009000000000000006 -0.01 1 1
-0.0039846122852240946 -0.008900000000000007 -0.01 1 1
-0.0039667691329650385 -0.008800000000000007 -0.01 1 1
-0.003948631957424752 -0.008700000000000008 -0.01 1 1
-0.003930195200373617 -0.008600000000000009 -0.01 1 1
-0.003911453172669504 -0.00850000000000001 -0.01 1 1
-0.0038924000505028812 -0.00840000000000001 -0.01 1 1
-0.003873029871514173 -0.00830000000000001 -0.01 1 1
-0.0038533365307782804 -0.008200000000000011 -0.01 1 1
-0.003833313776650993 -0.008100000000000012 -0.01 1 1
-0.0038129552064718087 -0.008000000000000012 -0.01 1 1
-0.0037922542621173397 -0.007900000000000013 -0.01 1 1
-0.0037712042253993175 -0.0078000000000000135 -0.01 1 1
-0.0037497982133008843 -0.007700000000000014 -0.01 1 1
-0.003728029173044513 -0.007600000000000015 -0.01 1 1
-0.003705889876984741 -0.007500000000000015 -0.01 1 1
-0.003683372917318391 -0.007400000000000016 -0.01 1 1
-0.0036604707006047577 -0.0073000000000000165 -0.01 1 1
-0.003637175442087815 -0.007200000000000017 -0.01 1 1
-0.0036134791598121134 -0.007100000000000018 -0.01 1 1
-0.0035893736685236864 -0.007000000000000018 -0.01 1 1
-0.003564850573346805 -0.006900000000000019 -0.01 1 1
-0.00353990126322702 -0.00680000000000002 -0.01 1 1
-0.0035145169041304503 -0.00670000000000002 -0.01 1 1
-0.003488688431988786 -0.006600000000000021 -0.01 1 1
-0.003462406545378926 -0.006500000000000021 -0.01 1 1
-0.0034356616979256873 -0.006400000000000022 -0.01 1 1
-0.0034084440904153584 -0.006300000000000023 -0.01 1 1
-0.0033807436626073365 -0.006200000000000023 -0.01 1 1
-0.003352550084730376 -0.006100000000000024 -0.01 1 1
-0.003323852748649338 -0.006000000000000024 -0.01 1 1
-0.0032946407586875786 -0.005900000000000025 -0.01 1 1
-0.003264902922089366 -0.005800000000000026 -0.01 1 1
-0.0032346277391058914 -0.005700000000000026 -0.01 1 1
-0.003203803392687599 -0.005600000000000027 -0.01 1 1
-0.003172417737764633 -0.0055000000000000274 -0.01 1 1
-0.003140458290096263 -0.005400000000000028 -0.01 1 1
-0.003107912214669099 -0.005300000000000029 -0.01 1 1
-0.003074766313622867 -0.005200000000000029 -0.01 1 1
-0.0030410070136813253 -0.00510000000000003 -0.01 1 1
-0.003006620353064746 -0.0050000000000000305 -0.01 1 1
-0.002971591967859013 -0.004900000000000031 -0.01 1 1
-0.002935907077815138 -0.004800000000000032 -0.01 1 1
-0.00289955047155142 -0.004700000000000032 -0.01 1 1
-0.0028625064911290085 -0.004600000000000033 -0.01 1 1
-0.00282475901596998 -0.0045000000000000335 -0.01 1 1
-0.002786291446085272 -0.004400000000000034 -0.01 1 1
-0.00274708668457797 -0.004300000000000035 -0.01 1 1
-0.0027071271193854973 -0.004200000000000035 -0.01 1 1
-0.0026663946042221 -0.004100000000000036 -0.01 1 1
-0.00262487043868086 -0.0040000000000000365 -0.01 1 1
-0.0025825353474519946 -0.003900000000000037 -0.01 1 1
-0.0025393694586117416 -0.0038000000000000377 -0.01 1 1
-0.0024953522809333744 -0.0037000000000000383 -0.01 1 1
-0.002450462680168993 -0.003600000000000039 -0.01 1 1
-0.0024046788542476947 -0.0035000000000000395 -0.01 1 1
-0.00235797830733239 -0.00340000000000004 -0.01 1 1
-0.0023103378226740122 -0.0033000000000000407 -0.01 1 1
-0.0022617334341981598 -0.0032000000000000414 -0.01 1 1
-0.0022121403967550824 -0.003100000000000042 -0.01 1 1
-0.0021615331549597393 -0.0030000000000000426 -0.01 1 1
-0.00210988531054395 -0.002900000000000043 -0.01 1 1
-0.002057169588137758 -0.0028000000000000438 -0.01 1 1
-0.002003357799391868 -0.0027000000000000444 -0.01 1 1
-0.0019484208053472838 -0.002600000000000045 -0.01 1 1
-0.0018923284769522433 -0.0025000000000000456 -0.01 1 1
-0.0018350496536200021 -0.002400000000000046 -0.01 1 1
-0.0017765520997139873 -0.002300000000000047 -0.01 1 1
-0.0017168024588393419 -0.0022000000000000474 -0.01 1 1
-0.0016557662058117636 -0.002100000000000048 -0.01 1 1
-0.0015934075961658385 -0.0020000000000000486 -0.01 1 1
-0.0015296896130556853 -0.0019000000000000492 -0.01 1 1
-0.0014645739113906496 -0.0018000000000000498 -0.01 1 1
-0.001398020759037891 -0.0017000000000000504 -0.01 1 1
-0.001329988974911991 -0.001600000000000051 -0.01 1 1
-0.0012604358637590342 -0.0015000000000000516 -0.01 1 1
-0.0011893171474289996 -0.0014000000000000522 -0.01 1 1
-0.0011165868924154659 -0.0013000000000000528 -0.01 1 1
-0.0010421974334257809 -0.0012000000000000535 -0.01 1 1
-0.0009660992927274935 -0.001100000000000054 -0.01 1 1
-0.0008882410949982447 -0.0010000000000000547 -0.01 1 1
-0.0008085694773860439 -0.0009000000000000553 -0.01 1 1
-0.0007270289944649469 -0.0008000000000000559 -0.01 1 1
-0.0006435620177473528 -0.0007000000000000565 -0.01 1 1
-0.0005581086293883753 -0.0006000000000000571 -0.01 1 1
-0.00047060650968960567 -0.0005000000000000577 -0.01 1 1
-0.00038099081797920845 -0.0004000000000000583 -0.01 1 1
-0.0002891940664120499 -0.0003000000000000589 -0.01 1 1
-0.00019514598619749495 -0.0002000000000000595 -0.01 1 1
-9.877338572317196e-05 -0.00010000000000006011 -0.01 1 1
-5.3290705182007413e-17 -6.071532165918825e-17 -0.01 1 1
0.00010125366919255444 9.999999999993868e-05 -0.01 1 1
0.0002050705231346798 0.00019999999999993807 -0.01 1 1
0.00031153704669456246 0.00029999999999993747 -0.01 1 1
0.0004207435003483123 0.00039999999999993686 -0.01 1 1
0.0005327841245470937 0.0004999999999999363 -0.01 1 1
0.0006477573573619176 0.0005999999999999357 -0.01 1 1
0.0007657660664167035 0.000699999999999935 -0.01 1 1
0.0008869177962087972 0.0007999999999999344 -0.01 1 1
0.0010113250320134145 0.0008999999999999338 -0.01 1 1
0.001139105481675533 0.0009999999999999332 -0.01 1 1
0.0012703823767104983 0.0010999999999999326 -0.01 1 1
0.0014052847942648756 0.001199999999999932 -0.01 1 1
0.0015439480016323857 0.0012999999999999314 -0.01 1 1
0.0016865138251782172 0.0013999999999999308 -0.01 1 1
0.0018331310457007002 0.0014999999999999302 -0.01 1 1
0.001983955822453137 0.0015999999999999296 -0.01 1 1
0.0021391521482641822 0.001699999999999929 -0.01 1 1
0.0022988923384340294 0.0017999999999999284 -0.01 1 1
0.0024633575563491996 0.0018999999999999278 -0.01 1 1
0.0026327383790543555 0.001999999999999927 -0.01 1 1
0.0028072354063486096 0.0020999999999999266 -0.01 1 1
0.002987059917341106 0.002199999999999926 -0.01 1 1
0.0031724345788109003 0.0022999999999999254 -0.01 1 1
0.00336359421017472 0.0023999999999999248 -0.01 1 1
0.0035607866103802314 0.002499999999999924 -0.01 1 1
0.0037642734526186954 0.0025999999999999236 -0.01 1 1
0.003974331253398156 0.002699999999999923 -0.01 1 1
0.0041912524232467436 0.0027999999999999223 -0.01 1 1
0.0044153464071358785 0.0028999999999999217 -0.01 1 1
0.004646940923639218 0.002999999999999921 -0.01 1 1
0.004886383312889518 0.0030999999999999205 -0.01 1 1
0.005134042004580262 0.00319999999999992 -0.01 1 1
0.005390308118602366 0.0032999999999999193 -0.01 1 1
0.005655597212432842 0.0033999999999999187 -0.01 1 1
0.005930351191128945 0.003499999999999918 -0.01 1 1
0.006215040397762366 0.0035999999999999175 -0.01 1 1
0.0065101659043905824 0.003699999999999917 -0.01 1 1
0.006816262026252373 0.0037999999999999163 -0.01 1 1
0.007133899084845313 0.0038999999999999157 -0.01 1 1
0.007463686448957249 0.003999999999999915 -0.01 1 1
0.007806275886656486 0.0040999999999999145 -0.01 1 1
0.008162365265785714 0.004199999999999914 -0.01 1 1
0.008532702645757142 0.004299999999999913 -0.01 1 1
0.008918090809539436 0.004399999999999913 -0.01 1 1
0.009319392291809715 0.004499999999999912 -0.01 1 1
0.009737534967500438 0.0045999999999999115 -0.01 1 1
0.010173518274618971 0.004699999999999911 -0.01 1 1
0.010628420156524085 0.00479999999999991 -0.01 1 1
0.011103404822128737 0.00489999999999991 -0.01 1 1
0.011599731438156102 0.004999999999999909 -0.01 1 1
0.012118763886083173 0.005099999999999908 -0.01 1 1
0.012661981738352743 0.005199999999999908 -0.01 1 1
0.013230992634541706 0.005299999999999907 -0.01 1 1
0.01382754626933652 0.005399999999999907 -0.01 1 1
0.014453550241495059 0.005499999999999906 -0.01 1 1
0.015111088057850388 0.005599999999999905 -0.01 1 1
0.015802439640568558 0.005699999999999905 -0.01 1 1
0.01653010475148894 0.005799999999999904 -0.01 1 1
0.017296829827203673 0.005899999999999904 -0.01 1 1
0.018105638816074316 0.005999999999999903 -0.01 1 1
0.018959868728106243 0.006099999999999902 -0.01 1 1
0.019863210756244722 0.006199999999999902 -0.01 1 1
0.020819758010638355 0.006299999999999901 -0.01 1 1
0.02183406113537019 0.0063999999999999006 -0.01 1 1
0.022911193362693934 0.0064999999999999 -0.01 1 1
0.024056826919529737 0.006599999999999899 -0.01 1 1
0.025277323156886047 0.006699999999999899 -0.01 1 1
0.026579839354390483 0.006799999999999898 -0.01 1 1
0.02797245589883089 0.0068999999999998975 -0.01 1 1
0.029464328501290594 0.006999999999999897 -0.01 1 1
0.03106587137573376 0.007099999999999896 -0.01 1 1
0.03278897895453037 0.007199999999999896 -0.01 1 1
0.034647295905467695 0.007299999999999895 -0.01 1 1
0.03665654814066515 0.0073999999999998945 -0.01 1 1
0.038834951456308345 0.007499999999999894 -0.01 1 1
0.04120371982579423 0.007599999999999893 -0.01 1 1
0.04378770279080311 0.007699999999999893 -0.01 1 1
0.04661619174869374 0.007799999999999892 -0.01 1 1
0.04972394956442205 0.007899999999999891 -0.01 1 1
0.053152538894230994 0.007999999999999891 -0.01 1 1
0.05695205508792429 0.00809999999999989 -0.01 1 2
0.06118341458958833 0.00819999999999989 -0.01 1 2
0.06592141754774929 0.008299999999999889 -0.01 1 2
0.07125890736341424 0.008399999999999888 -0.01 1 2
0.07731251298160283 0.008499999999999888 -0.01 1 2
0.08423072157773145 0.008599999999999887 -0.01 1 2
0.0922054610603511 0.008699999999999887 -0.01 1 2
0.10148910535499249 0.008799999999999886 -0.01 1 2
0.11242010445153576 0.008899999999999885 -0.01 1 2
0.12546279522625212 0.008999999999999885 -0.01 1 2
0.14127144298686198 0.009099999999999884 -0.01 1 2
0.16079759809983618 0.009199999999999884 -0.01 1 2
0.18547915987223507 0.009299999999999883 -0.01 1 2
0.21759395553934677 0.009399999999999882 -0.01 1 2
0.2609725049579301 0.009499999999999882 -0.01 1 2
0.32258064516120233 0.009599999999999881 -0.01 1 2
0.4165213698956342 0.00969999999999988 -0.01 1 2
0.5762272776928226 0.00979999999999988 -0.01 1 2
0.9045226130647259 0.00989999999999988 -0.01 1 2
nan -0.01 0.01 1 2
-180.00000000013267 -0.0099 0.01 1 2
-1.6834875367896271 -0.009800000000000001 0.01 1 2
-0.8145762751163758 -0.009700000000000002 0.01 1 2
-0.526315789473691 -0.009600000000000003 0.01 1 2
-0.38340405049384096 -0.009500000000000003 0.01 1 2
-0.2984391406014587 -0.009400000000000004 0.01 1 2
-0.24231461907530388 -0.009300000000000004 0.01 1 2
-0.20258680438570287 -0.009200000000000005 0.01 1 2
-0.17305315203955696 -0.009100000000000006 0.01 1 2
-0.15027961186443267 -0.009000000000000006 0.01 1 2
-0.13221315943906375 -0.008900000000000007 0.01 1 2
-0.11755212922414228 -0.008800000000000007 0.01 1 2
-0.10543196577965504 -0.008700000000000008 0.01 1 2
-0.09525635636569448 -0.008600000000000009 0.01 1 2
-0.08660094210307627 -0.00850000000000001 0.01 1 2
-0.07915567282321989 -0.00840000000000001 0.01 1 2
-0.07268886053657882 -0.00830000000000001 0.01 1 2
-0.0670239733746307 -0.008200000000000011 0.01 1 2
-0.0620242007307244 -0.008100000000000012 0.01 1 2
-0.05758191713542166 -0.008000000000000012 0.01 1 2
-0.05361132414689975 -0.007900000000000013 0.01 1 2
-0.05004320678771562 -0.0078000000000000135 0.01 1 2
-0.04682112889507274 -0.007700000000000014 0.01 1 2
-0.04389862749082362 -0.007600000000000015 0.01 1 2
-0.041237113402062306 -0.007500000000000015 0.01 1 2
-0.03880427938564745 -0.007400000000000016 0.01 1 2
-0.03657287839583878 -0.0073000000000000165 0.01 1 2
-0.034519775497587044 -0.007200000000000017 0.01 1 2
-0.03262520461552174 -0.007100000000000018 0.01 1 2
-0.030872180375074366 -0.007000000000000018 0.01 1 2
-0.029246028618739907 -0.006900000000000019 0.01 1 2
-0.027734008623931505 -0.00680000000000002 0.01 1 2
-0.026325006826242035 -0.00670000000000002 0.01 1 2
-0.02500928677357379 -0.006600000000000021 0.01 1 2
-0.02377828365007533 -0.006500000000000021 0.01 1 2
-0.022624434389140583 -0.006400000000000022 0.01 1 2
-0.021541036401989722 -0.006300000000000023 0.01 1 2
-0.020522129465120793 -0.006200000000000023 0.01 1 2
-0.019562396465754906 -0.006100000000000024 0.01 1 2
-0.01865707959219945 -0.006000000000000024 0.01 1 2
-0.017801909243094296 -0.005900000000000025 0.01 1 2
-0.01699304346495505 -0.005800000000000026 0.01 1 2
-0.016227016147527924 -0.005700000000000026 0.01 1 2
-0.015500692538164138 -0.005600000000000027 0.01 1 2
-0.014811230899890586 -0.0055000000000000274 0.01 1 2
-0.01415604934832723 -0.005400000000000028 0.01 1 2
-0.013532797071654844 -0.005300000000000029 0.01 1 2
-0.012939329274324092 -0.005200000000000029 0.01 1 2
-0.012373685295937503 -0.00510000000000003 0.01 1 2
-0.011834069447008365 -0.0050000000000000305 0.01 1 2
-0.011318834177221139 -0.004900000000000031 0.01 1 2
-0.010826465252608964 -0.004800000000000032 0.01 1 2
-0.010355568668263955 -0.004700000000000032 0.01 1 2
-0.009904859064813264 -0.004600000000000033 0.01 1 2
-0.00947314945152844 -0.0045000000000000335 0.01 1 2
-0.009059342067862358 -0.004400000000000034 0.01 1 2
-0.008662420239453055 -0.004300000000000035 0.01 1 2
-0.008281441105023052 -0.004200000000000035 0.01 1 2
-0.007915529107804872 -0.004100000000000036 0.01 1 2
-0.007563870159681914 -0.0040000000000000365 0.01 1 2
-0.007225706398592275 -0.003900000000000037 0.01 1 2
-0.00690033147026366 -0.0038000000000000377 0.01 1 2
-0.006587086274329467 -0.0037000000000000383 0.01 1 2
-0.006285355122564566 -0.003600000000000039 0.01 1 2
-0.005994562263577706 -0.0035000000000000395 0.01 1 2
-0.005714168733975277 -0.00340000000000004 0.01 1 2
-0.005443669500907728 -0.0033000000000000407 0.01 1 2
-0.005182590865143971 -0.0032000000000000414 0.01 1 2
-0.004930488097487164 -0.003100000000000042 0.01 1 2
-0.004686943284531669 -0.0030000000000000426 0.01 1 2
-0.0044515633625334 -0.002900000000000043 0.01 1 2
-0.004223978320584134 -0.0028000000000000438 0.01 1 2
-0.0040038395563935375 -0.0027000000000000444 0.01 1 2
-0.0037908183698329603 -0.002600000000000045 0.01 1 2
-0.003584604581018471 -0.0025000000000000456 0.01 1 2
-0.003384905261136993 -0.002400000000000046 0.01 1 2
-0.003191443565475886 -0.002300000000000047 0.01 1 2
-0.0030039576592239504 -0.0022000000000000474 0.01 1 2
-0.002822199727590937 -0.002100000000000048 0.01 1 2
-0.0026459350626588467 -0.0020000000000000486 0.01 1 2
-0.002474941220146117 -0.0019000000000000492 0.01 1 2
-0.0023090072399477423 -0.0018000000000000498 0.01 1 2
-0.0021479329249202935 -0.0017000000000000504 0.01 1 2
-0.0019915281729206997 -0.001600000000000051 0.01 1 2
-0.0018396123575890409 -0.0015000000000000516 0.01 1 2
-0.0016920137537953254 -0.0014000000000000522 0.01 1 2
-0.001548569004054844 -0.0013000000000000528 0.01 1 2
-0.001409122622560713 -0.0012000000000000535 0.01 1 2
-0.001273526533791052 -0.001100000000000054 0.01 1 2
-0.0011416396429252465 -0.0010000000000000547 0.01 1 2
-0.001013327435552922 -0.0009000000000000553 0.01 1 2
-0.0008884616043833692 -0.0008000000000000559 0.01 1 2
-0.0007669197008653433 -0.0007000000000000565 0.01 1 2
-0.0006485848098091946 -0.0006000000000000571 0.01 1 2
-0.0005333452452681845 -0.0005000000000000577 0.01 1 2
-0.0004210942660844601 -0.0004000000000000583 0.01 1 2
-0.0003117298096399533 -0.0003000000000000589 0.01 1 2
-0.00020515424247473152 -0.0002000000000000595 0.01 1 2
-0.00010127412654578041 -0.00010000000000006011 0.01 1 2
-6.661338147750965e-17 -6.071532165918825e-17 0.01 1 2
9.875382857312291e-05 9.999999999993868e-05 0.01 1 1
0.0001950694733621718 0.00019999999999993807 0.01 1 1
0.00028902565290145604 0.00029999999999993747 0.01 1 1
0.00038069786079495565 0.00039999999999993686 0.01 1 1
0.00047015852633901017 0.0004999999999999363 0.01 1 1
0.0005574771657306562 0.0005999999999999357 0.01 1 1
0.0006427205244953167 0.000699999999999935 0.01 1 1
0.0007259527117195245 0.0007999999999999344 0.01 1 1
0.0008072353266303363 0.0008999999999999338 0.01 1 1
0.0008866275780226765 0.0009999999999999332 0.01 1 1
0.0009641863969988423 0.0010999999999999326 0.01 1 1
0.0010399665434504652 0.001199999999999932 0.01 1 1
0.0011140207066819008 0.0012999999999999314 0.01 1 1
0.001186399600545435 0.0013999999999999308 0.01 1 1
0.0012571520534321783 0.0014999999999999302 0.01 1 1
0.0013263250934383208 0.0015999999999999296 0.01 1 1
0.0013939640290039034 0.001699999999999929 0.01 1 1
0.0014601125253007028 0.0017999999999999284 0.01 1 1
0.0015248126766267028 0.0018999999999999278 0.01 1 1
0.001588105075047075 0.001999999999999927 0.01 1 1
0.0016500288755052724 0.0020999999999999266 0.01 1 1
0.001710621857612879 0.002199999999999926 0.01 1 1
0.00176992048431289 0.0022999999999999254 0.01 1 1
0.0018279599575982204 0.0023999999999999248 0.01 1 1
0.00188477427145536 0.002499999999999924 0.01 1 1
0.0019403962621919772 0.0025999999999999236 0.01 1 1
0.0019948576562970307 0.002699999999999923 0.01 1 1
0.0020481891159724536 0.0027999999999999223 0.01 1 1
0.002100420282466577 0.0028999999999999217 0.01 1 1
0.002151579817331314 0.002999999999999921 0.01 1 1
0.002201695441717415 0.0030999999999999205 0.01 1 1
0.002250793973815038 0.00319999999999992 0.01 1 1
0.002298901364540265 0.0032999999999999193 0.01 1 1
0.0023460427315620033 0.0033999999999999187 0.01 1 1
0.0023922423917579947 0.003499999999999918 0.01 1 1
0.0024375238921832995 0.0035999999999999175 0.01 1 1
0.0024819100396296103 0.003699999999999917 0.01 1 1
0.0025254229288491164 0.0037999999999999163 0.01 1 1
0.0025680839695122596 0.0038999999999999157 0.01 1 1
0.0026099139119646797 0.003999999999999915 0.01 1 1
0.002650932871844836 0.0040999999999999145 0.01 1 1
0.00269116035362022 0.004199999999999914 0.01 1 1
0.002730615273096803 0.004299999999999913 0.01 1 1
0.0027693159789531625 0.004399999999999913 0.01 1 1
0.002807280273347913 0.004499999999999912 0.01 1 1
0.002844525431646247 0.0045999999999999115 0.01 1 1
0.0028810682213088975 0.004699999999999911 0.01 1 1
0.002916924919984394 0.00479999999999991 0.01 1 1
0.002952111332843237 0.00489999999999991 0.01 1 1
0.002986642809190519 0.004999999999999909 0.01 1 1
0.003020534258391503 0.005099999999999908 0.01 1 1
0.0030538001651428384 0.005199999999999908 0.01 1 1
0.0030864546041203113 0.005299999999999907 0.01 1 1
0.0031185112540323967 0.005399999999999907 0.01 1 1
0.0031499834111073078 0.005499999999999906 0.01 1 1
0.0031808840020398216 0.005599999999999905 0.01 1 1
0.0032112255964227257 0.005699999999999905 0.01 1 1
0.0032410204186864816 0.005799999999999904 0.01 1 1
0.003270280359569482 0.005899999999999904 0.01 1 1
0.0032990169871400924 0.005999999999999903 0.01 1 1
0.003327241557390629 0.006099999999999902 0.01 1 1
0.0033549650244223744 0.006199999999999902 0.01 1 1
0.003382198050239787 0.006299999999999901 0.01 1 1
0.003408951014171131 0.0063999999999999006 0.01 1 1
0.0034352340219319126 0.0064999999999999 0.01 1 1
0.0034610569143466974 0.006599999999999899 0.01 1 1
0.0034864292757440974 0.006699999999999899 0.01 1 1
0.003511360442039007 0.006799999999999898 0.01 1 1
0.003535859508515503 0.0068999999999998975 0.01 1 1
0.003559935337323112 0.006999999999999897 0.01 1 1
0.0035835965646986196 0.007099999999999896 0.01 1 1
0.0036068516079249425 0.007199999999999896 0.01 1 1
0.0036297086720380877 0.007299999999999895 0.01 1 1
0.0036521757562926614 0.0073999999999998945 0.01 1 1
0.0036742606603959406 0.007499999999999894 0.01 1 1
0.003695970990520004 0.007599999999999893 0.01 1 1
0.0037173141651010303 0.007699999999999893 0.01 1 1
0.003738297420434404 0.007799999999999892 0.01 1 1
0.0037589278160738994 0.007899999999999891 0.01 1 1
0.0037792122400428303 0.007999999999999891 0.01 1 1
0.003799157413864683 0.00809999999999989 0.01 1 1
0.003818769897420438 0.00819999999999989 0.01 1 1
0.0038380560936394094 0.008299999999999889 0.01 1 1
0.003857022253030206 0.008399999999999888 0.01 1 1
0.00387567447805803 0.008499999999999888 0.01 1 1
0.0038940187273743304 0.008599999999999887 0.01 1 1
0.003912060819904534 0.008699999999999887 0.01 1 1
0.003929806438799312 0.008799999999999886 0.01 1 1
0.003947261135254623 0.008899999999999885 0.01 1 1
0.003964430332205557 0.008999999999999885 0.01 1 1
0.003981319327898739 0.009099999999999884 0.01 1 1
0.0039979332993479175 0.009199999999999884 0.01 1 1
0.004014277305677086 0.009299999999999883 0.01 1 1
0.0040303562913553935 0.009399999999999882 0.01 1 1
0.004046175089327811 0.009499999999999882 0.01 1 1
0.004061738424045474 0.009599999999999881 0.01 1 1
0.004077050914399336 0.00969999999999988 0.01 1 1
0.004092117076560731 0.00979999999999988 0.01 1 1
0.004106941326732204 0.00989999999999988 0.01 1 1
-0.0025188916876573773 -0.01 -0.01 0.995 1
-0.0025188439429041044 -0.0099 -0.01 0.995 1
-0.0025187636734510955 -0.009800000000000001 -0.01 0.995 1
-0.0025186501409704396 -0.009700000000000002 -0.01 0.995 1
-0.0025185025889850735 -0.009600000000000003 -0.01 0.995 1
-0.002518320242348564 -0.009500000000000003 -0.01 0.995 1
-0.0025181023067075217 -0.009400000000000004 -0.01 0.995 1
-0.002517847967945998 -0.009300000000000004 -0.01 0.995 1
-0.0025175563916111933 -0.009200000000000005 -0.01 0.995 1
-0.002517226722319707 -0.009100000000000006 -0.01 0.995 1
-0.0025168580831436194 -0.009000000000000006 -0.01 0.995 1
-0.0025164495749755845 -0.008900000000000007 -0.01 0.995 1
-0.0025160002758721255 -0.008800000000000007 -0.01 0.995 1
-0.0025155092403742725 -0.008700000000000008 -0.01 0.995 1
-0.0025149754988046257 -0.008600000000000009 -0.01 0.995 1
-0.0025143980565399287 -0.00850000000000001 -0.01 0.995 1
-0.002513775893258155 -0.00840000000000001 -0.01 0.995 1
-0.0025131079621590817 -0.00830000000000001 -0.01 0.995 1
-0.002512393189157275 -0.008200000000000011 -0.01 0.995 1
-0.002511630472046376 -0.008100000000000012 -0.01 0.995 1
-0.0025108186796334916 -0.008000000000000012 -0.01 0.995 1
-0.002509956650842474 -0.007900000000000013 -0.01 0.995 1
-0.0025090431937848097 -0.0078000000000000135 -0.01 0.995 1
-0.002508077084796735 -0.007700000000000014 -0.01 0.995 1
-0.0025070570674412115 -0.007600000000000015 -0.01 0.995 1
-0.0025059818514732474 -0.007500000000000015 -0.01 0.995 1
-0.0025048501117670347 -0.007400000000000016 -0.01 0.995 1
-0.0025036604872032677 -0.0073000000000000165 -0.01 0.995 1
-0.002502411579514944 -0.007200000000000017 -0.01 0.995 1
-0.002501101952089865 -0.007100000000000018 -0.01 0.995 1
-0.002499730128727965 -0.007000000000000018 -0.01 0.995 1
-0.002498294592351491 -0.006900000000000019 -0.01 0.995 1
-0.0024967937836659873 -0.00680000000000002 -0.01 0.995 1
-0.0024952260997699173 -0.00670000000000002 -0.01 0.995 1
-0.0024935898927106416 -0.006600000000000021 -0.01 0.995 1
-0.0024918834679843755 -0.006500000000000021 -0.01 0.995 1
-0.0024901050829776133 -0.006400000000000022 -0.01 0.995 1
-0.002488252945347389 -0.006300000000000023 -0.01 0.995 1
-0.0024863252113375978 -0.006200000000000023 -0.01 0.995 1
-0.002484319984028462 -0.006100000000000024 -0.01 0.995 1
-0.002482235311516102 -0.006000000000000024 -0.01 0.995 1
-0.0024800691850189556 -0.005900000000000025 -0.01 0.995 1
-0.0024778195369076724 -0.005800000000000026 -0.01 0.995 1
-0.0024754842386549127 -0.005700000000000026 -0.01 0.995 1
-0.00247306109870129 -0.005600000000000027 -0.01 0.995 1
-0.002470547860233477 -0.0055000000000000274 -0.01 0.995 1
-0.00246794219887033 -0.005400000000000028 -0.01 0.995 1
-0.002465241720252605 -0.005300000000000029 -0.01 0.995 1
-0.002462443957531648 -0.005200000000000029 -0.01 0.995 1
-0.0024595463687521308 -0.00510000000000003 -0.01 0.995 1
-0.0024565463341237074 -0.0050000000000000305 -0.01 0.995 1
-0.002453441153176118 -0.004900000000000031 -0.01 0.995 1
-0.002450228041791978 -0.004800000000000032 -0.01 0.995 1
-0.002446904129111185 -0.004700000000000032 -0.01 0.995 1
-0.002443466454300519 -0.004600000000000033 -0.01 0.995 1
-0.002439911963181634 -0.0045000000000000335 -0.01 0.995 1
-0.0024362375047102714 -0.004400000000000034 -0.01 0.995 1
-0.0024324398272990958 -0.004300000000000035 -0.01 0.995 1
-0.0024285155749761153 -0.004200000000000035 -0.01 0.995 1
-0.002424461283370176 -0.004100000000000036 -0.01 0.995 1
-0.0024202733755145237 -0.0040000000000000365 -0.01 0.995 1
-0.002415948157458897 -0.003900000000000037 -0.01 0.995 1
-0.0024114818136800062 -0.0038000000000000377 -0.01 0.995 1
-0.0024068704022797145 -0.0037000000000000383 -0.01 0.995 1
-0.0024021098499595033 -0.003600000000000039 -0.01 0.995 1
-0.0023971959467591836 -0.0035000000000000395 -0.01 0.995 1
-0.002392124340547015 -0.00340000000000004 -0.01 0.995 1
-0.002386890531247636 -0.0033000000000000407 -0.01 0.995 1
-0.0023814898647933503 -0.0032000000000000414 -0.01 0.995 1
-0.0023759175267833786 -0.003100000000000042 -0.01 0.995 1
-0.0023701685358347583 -0.0030000000000000426 -0.01 0.995 1
-0.0023642377366074907 -0.002900000000000043 -0.01 0.995 1
-0.002358119792485427 -0.0028000000000000438 -0.01 0.995 1
-0.0023518091778931918 -0.0027000000000000444 -0.01 0.995 1
-0.0023453001702281495 -0.002600000000000045 -0.01 0.995 1
-0.0023385868413850408 -0.0025000000000000456 -0.01 0.995 1
-0.0023316630488494044 -0.002400000000000046 -0.01 0.995 1
-0.0023245224263343644 -0.002300000000000047 -0.01 0.995 1
-0.0023171583739335605 -0.0022000000000000474 -0.01 0.995 1
-0.0023095640477612364 -0.002100000000000048 -0.01 0.995 1
-0.002301732349048453 -0.0020000000000000486 -0.01 0.995 1
-0.0022936559126622664 -0.0019000000000000492 -0.01 0.995 1
-0.002285327095012428 -0.0018000000000000498 -0.01 0.995 1
-0.0022767379613076173 -0.0017000000000000504 -0.01 0.995 1
-0.002267880272120586 -0.001600000000000051 -0.01 0.995 1
-0.0022587454692186504 -0.0015000000000000516 -0.01 0.995 1
-0.0022493246606128505 -0.0014000000000000522 -0.01 0.995 1
-0.002239608604775681 -0.0013000000000000528 -0.01 0.995 1
-0.0022295876939736605 -0.0012000000000000535 -0.01 0.995 1
-0.0022192519366569896 -0.001100000000000054 -0.01 0.995 1
-0.002208590938844283 -0.0010000000000000547 -0.01 0.995 1
-0.002197593884435646 -0.0009000000000000553 -0.01 0.995 1
-0.002186249514382349 -0.0008000000000000559 -0.01 0.995 1
-0.0021745461046358007 -0.0007000000000000565 -0.01 0.995 1
-0.002162471442792589 -0.0006000000000000571 -0.01 0.995 1
-0.0021500128033458193 -0.0005000000000000577 -0.01 0.995 1
-0.0021371569214459394 -0.0004000000000000583 -0.01 0.995 1
-0.0021238899650665105 -0.0003000000000000589 -0.01 0.995 1
-0.0021101975054620054 -0.0002000000000000595 -0.01 0.995 1
-0.002096064485795544 -0.00010000000000006011 -0.01 0.995 1
-0.002081475187804494 -6.071532165918825e-17 -0.01 0.995 1
-0.0020664131963609197 9.999999999993868e-05 -0.01 0.995 1
-0.002050861361771943 0.00019999999999993807 -0.01 0.995 1
-0.002034801759651984 0.00029999999999993747 -0.01 0.995 1
-0.0020182156481845415 0.00039999999999993686 -0.01 0.995 1
-0.0020010834225754775 0.0004999999999999363 -0.01 0.995 1
-0.0019833845664825236 0.0005999999999999357 -0.01 0.995 1
-0.0019650976001868146 0.000699999999999935 -0.01 0.995 1
-0.0019462000252514478 0.0007999999999999344 -0.01 0.995 1
-0.0019266682653891493 0.0008999999999999338 -0.01 0.995 1
-0.0019064776032359156 0.0009999999999999332 -0.01 0.995 1
-0.0018856021126996722 0.0010999999999999326 -0.01 0.995 1
-0.0018640145865222706 0.001199999999999932 -0.01 0.995 1
-0.0018416864586592119 0.0012999999999999314 -0.01 0.995 1
-0.001818587721043926 0.0013999999999999308 -0.01 0.995 1
-0.0017946868342618638 0.0014999999999999302 -0.01 0.995 1
-0.001769950631613532 0.0015999999999999296 -0.01 0.995 1
-0.0017443442159944178 0.001699999999999929 -0.01 0.995 1
-0.0017178308489628708 0.0017999999999999284 -0.01 0.995 1
-0.0016903718313036975 0.0018999999999999278 -0.01 0.995 1
-0.0016619263743247003 0.001999999999999927 -0.01 0.995 1
-0.0016324514610447172 0.0020999999999999266 -0.01 0.995 1
-0.0016019016963438365 0.002199999999999926 -0.01 0.995 1
-0.001570229145048171 0.0022999999999999254 -0.01 0.995 1
-0.0015373831568114757 0.0023999999999999248 -0.01 0.995 1
-0.0015033101765324181 0.002499999999999924 -0.01 0.995 1
-0.0014679535389076179 0.0025999999999999236 -0.01 0.995 1
-0.0014312532455645556 0.002699999999999923 -0.01 0.995 1
-0.00139314572304269 0.0027999999999999223 -0.01 0.995 1
-0.0013535635596928061 0.0028999999999999217 -0.01 0.995 1
-0.0013124352193404918 0.002999999999999921 -0.01 0.995 1
-0.0012696847293059356 0.0030999999999999205 -0.01 0.995 1
-0.001225231340084565 0.00319999999999992 -0.01 0.995 1
-0.001178989153666267 0.0032999999999999193 -0.01 0.995 1
-0.001130866717099156 0.0033999999999999187 -0.01 0.995 1
-0.0010807665774799507 0.003499999999999918 -0.01 0.995 1
-0.0010285847940689644 0.0035999999999999175 -0.01 0.995 1
-0.0009742104026737317 0.003699999999999917 -0.01 0.995 1
-0.0009175248268100956 0.0037999999999999163 -0.01 0.995 1
-0.00085840122941977 0.0038999999999999157 -0.01 0.995 1
-0.0007967037980830236 0.003999999999999915 -0.01 0.995 1
-0.0007322869556954348 0.0040999999999999145 -0.01 0.995 1
-0.0006649944874561105 0.004199999999999914 -0.01 0.995 1
-0.0005946585737146207 0.004299999999999913 -0.01 0.995 1
-0.0005210987167130174 0.004399999999999913 -0.01 0.995 1
-0.00044412054749925665 0.004499999999999912 -0.01 0.995 1
-0.0003635144972326134 0.0045999999999999115 -0.01 0.995 1
-0.0002790543146943364 0.004699999999999911 -0.01 0.995 1
-0.0001904954089897601 0.00479999999999991 -0.01 0.995 1
-9.757299309891076e-05 0.00489999999999991 -0.01 0.995 1
-1.9761969838326978e-16 0.004999999999999909 -0.01 0.995 1
0.000102535261567161 0.005099999999999908 -0.01 0.995 2
0.00021037175017396423 0.005199999999999908 -0.01 0.995 2
0.0003238786786807606 0.005299999999999907 -0.01 0.995 2
0.0004434588981041864 0.005399999999999907 -0.01 0.995 2
0.0005695527408375448 0.005499999999999906 -0.01 0.995 2
0.0007026423971322065 0.005599999999999905 -0.01 0.995 2
0.0008432569125888645 0.005699999999999905 -0.01 0.995 2
0.000991977911226311 0.005799999999999904 -0.01 0.995 2
0.0011494461692167428 0.005899999999999904 -0.01 0.995 2
0.0013163691895268913 0.005999999999999903 -0.01 0.995 2
0.0014935299586702514 0.006099999999999902 -0.01 0.995 2
0.0016817971050870394 0.006199999999999902 -0.01 0.995 2
0.0018821367263090103 0.006299999999999901 -0.01 0.995 2
0.0020956262116230166 0.0063999999999999006 -0.01 0.995 2
0.002323470461819231 0.0064999999999999 -0.01 0.995 2
0.0025670210022897266 0.006599999999999899 -0.01 0.995 2
0.0028277986062159935 0.006699999999999899 -0.01 0.995 2
0.0031075201988807312 0.006799999999999898 -0.01 0.995 2
0.0034081310131257032 0.0068999999999998975 -0.01 0.995 2
0.003731843224478109 0.006999999999999897 -0.01 0.995 2
0.004081182632892312 0.007099999999999896 -0.01 0.995 2
0.004459045404769133 0.007199999999999896 -0.01 0.995 2
0.004868767483749597 0.007299999999999895 -0.01 0.995 2
0.005314210078261372 0.0073999999999998945 -0.01 0.995 2
0.0057998657190773285 0.007499999999999894 -0.01 0.995 2
0.006330990869175597 0.007599999999999893 -0.01 0.995 2
0.006913773134667415 0.007699999999999893 -0.01 0.995 2
0.007555544028924282 0.007799999999999892 -0.01 0.995 2
0.008265052375743483 0.007899999999999891 -0.01 0.995 2
0.009052819408036082 0.007999999999999891 -0.01 0.995 2
0.009931605378121173 0.00809999999999989 -0.01 0.995 2
0.010917030567683795 0.00819999999999989 -0.01 0.995 2
0.01202841345976342 0.008299999999999889 -0.01 0.995 2
0.013289919677193642 0.008399999999999888 -0.01 0.995 2
0.014732164250643503 0.008499999999999888 -0.01 0.995 2
0.016394489477263154 0.008599999999999887 -0.01 0.995 2
0.018328274070330285 0.008699999999999887 -0.01 0.995 2
0.02060185991289447 0.008799999999999886 -0.01 0.995 2
0.023308095874343803 0.008899999999999885 -0.01 0.995 2
0.026576269447111882 0.008999999999999885 -0.01 0.995 2
0.03059170729478982 0.009099999999999884 -0.01 0.995 2
0.03562945368170184 0.009199999999999884 -0.01 0.995 2
0.04211536078885904 0.009299999999999883 -0.01 0.995 2
0.05074455267748761 0.009399999999999882 -0.01 0.995 2
0.06273139761311412 0.009499999999999882 -0.01 0.995 2
0.0803987990499008 0.009599999999999881 -0.01 0.995 2
0.10879697776964573 0.00969999999999988 -0.01 0.995 2
0.16129032258054793 0.00979999999999988 -0.01 0.995 2
0.28811363884626784 0.00989999999999988 -0.01 0.995 2
-0.0008727659576865312 -0.01 -0.01 0.992 1
-0.0008739362341128761 -0.0099 -0.01 0.992 1
-0.0008751102005954368 -0.009800000000000001 -0.01 0.992 1
-0.0008762878513732705 -0.009700000000000002 -0.01 0.992 1
-0.0008774691797774745 -0.009600000000000003 -0.01 0.992 1
-0.0008786541781937185 -0.009500000000000003 -0.01 0.992 1
-0.0008798428380232975 -0.009400000000000004 -0.01 0.992 1
-0.0008810351496426268 -0.009300000000000004 -0.01 0.992 1
-0.0008822311023611251 -0.009200000000000005 -0.01 0.992 1
-0.0008834306843774064 -0.009100000000000006 -0.01 0.992 1
-0.0008846338827337188 -0.009000000000000006 -0.01 0.992 1
-0.0008858406832685417 -0.008900000000000007 -0.01 0.992 1
-0.0008870510705672738 -0.008800000000000007 -0.01 0.992 1
-0.0008882650279109195 -0.008700000000000008 -0.01 0.992 1
-0.00088948253722269 -0.008600000000000009 -0.01 0.992 1
-0.0008907035790124295 -0.00850000000000001 -0.01 0.992 1
-0.0008919281323187638 -0.00840000000000001 -0.01 0.992 1
-0.0008931561746488777 -0.00830000000000001 -0.01 0.992 1
-0.00089438768191581 -0.008200000000000011 -0.01 0.992 1
-0.0008956226283731608 -0.008100000000000012 -0.01 0.992 1
-0.0008968609865470861 -0.008000000000000012 -0.01 0.992 1
-0.0008981027271654676 -0.007900000000000013 -0.01 0.992 1
-0.0008993478190841226 -0.0078000000000000135 -0.01 0.992 1
-0.0009005962292099206 -0.007700000000000014 -0.01 0.992 1
-0.0009018479224206683 -0.007600000000000015 -0.01 0.992 1
-0.0009031028614816073 -0.007500000000000015 -0.01 0.992 1
-0.0009043610069583798 -0.007400000000000016 -0.01 0.992 1
-0.0009056223171262845 -0.0073000000000000165 -0.01 0.992 1
-0.000906886747875663 -0.007200000000000017 -0.01 0.992 1
-0.0009081542526132234 -0.007100000000000018 -0.01 0.992 1
-0.0009094247821591226 -0.007000000000000018 -0.01 0.992 1
-0.0009106982846395931 -0.006900000000000019 -0.01 0.992 1
-0.0009119747053749168 -0.00680000000000002 -0.01 0.992 1
-0.0009132539867625103 -0.00670000000000002 -0.01 0.992 1
-0.0009145360681548989 -0.006600000000000021 -0.01 0.992 1
-0.0009158208857323219 -0.006500000000000021 -0.01 0.992 1
-0.0009171083723697205 -0.006400000000000022 -0.01 0.992 1
-0.0009183984574978232 -0.006300000000000023 -0.01 0.992 1
-0.0009196910669580484 -0.006200000000000023 -0.01 0.992 1
-0.0009209861228509171 -0.006100000000000024 -0.01 0.992 1
-0.00092228354337765 -0.006000000000000024 -0.01 0.992 1
-0.0009235832426746213 -0.005900000000000025 -0.01 0.992 1
-0.0009248851306402966 -0.005800000000000026 -0.01 0.992 1
-0.0009261891127542921 -0.005700000000000026 -0.01 0.992 1
-0.0009274950898881479 -0.005600000000000027 -0.01 0.992 1
-0.0009288029581073934 -0.0055000000000000274 -0.01 0.992 1
-0.0009301126084644689 -0.005400000000000028 -0.01 0.992 1
-0.0009314239267820229 -0.005300000000000029 -0.01 0.992 1
-0.0009327367934260925 -0.005200000000000029 -0.01 0.992 1
-0.0009340510830686449 -0.00510000000000003 -0.01 0.992 1
-0.0009353666644389143 -0.0050000000000000305 -0.01 0.992 1
-0.0009366834000629542 -0.004900000000000031 -0.01 0.992 1
-0.0009380011459907795 -0.004800000000000032 -0.01 0.992 1
-0.000939319751510433 -0.004700000000000032 -0.01 0.992 1
-0.0009406390588482854 -0.004600000000000033 -0.01 0.992 1
-0.0009419589028548189 -0.0045000000000000335 -0.01 0.992 1
-0.0009432791106751184 -0.004400000000000034 -0.01 0.992 1
-0.0009445995014032242 -0.004300000000000035 -0.01 0.992 1
-0.0009459198857194751 -0.004200000000000035 -0.01 0.992 1
-0.0009472400655098943 -0.004100000000000036 -0.01 0.992 1
-0.000948559833466623 -0.0040000000000000365 -0.01 0.992 1
-0.000949878972668349 -0.003900000000000037 -0.01 0.992 1
-0.0009511972561395939 -0.0038000000000000377 -0.01 0.992 1
-0.000952514446387679 -0.0037000000000000383 -0.01 0.992 1
-0.0009538302949160845 -0.003600000000000039 -0.01 0.992 1
-0.0009551445417128524 -0.0035000000000000395 -0.01 0.992 1
-0.0009564569147126045 -0.00340000000000004 -0.01 0.992 1
-0.0009577671292306216 -0.0033000000000000407 -0.01 0.992 1
-0.0009590748873673756 -0.0032000000000000414 -0.01 0.992 1
-0.0009603798773817514 -0.003100000000000042 -0.01 0.992 1
-0.0009616817730311205 -0.0030000000000000426 -0.01 0.992 1
-0.0009629802328762783 -0.002900000000000043 -0.01 0.992 1
-0.000964274899549136 -0.0028000000000000438 -0.01 0.992 1
-0.0009655653989809139 -0.0027000000000000444 -0.01 0.992 1
-0.0009668513395884282 -0.002600000000000045 -0.01 0.992 1
-0.0009681323114158939 -0.0025000000000000456 -0.01 0.992 1
-0.0009694078852295036 -0.002400000000000046 -0.01 0.992 1
-0.0009706776115618265 -0.002300000000000047 -0.01 0.992 1
-0.0009719410197028896 -0.0022000000000000474 -0.01 0.992 1
-0.0009731976166345655 -0.002100000000000048 -0.01 0.992 1
-0.0009744468859046578 -0.0020000000000000486 -0.01 0.992 1
-0.0009756882864368067 -0.0019000000000000492 -0.01 0.992 1
-0.0009769212512720728 -0.0018000000000000498 -0.01 0.992 1
-0.0009781451862377424 -0.0017000000000000504 -0.01 0.992 1
-0.000979359468538567 -0.001600000000000051 -0.01 0.992 1
-0.0009805634452653119 -0.0015000000000000516 -0.01 0.992 1
-0.0009817564318150823 -0.0014000000000000522 -0.01 0.992 1
-0.0009829377102175021 -0.0013000000000000528 -0.01 0.992 1
-0.0009841065273603507 -0.0012000000000000535 -0.01 0.992 1
-0.0009852620931077845 -0.001100000000000054 -0.01 0.992 1
-0.0009864035783037324 -0.0010000000000000547 -0.01 0.992 1
-0.000987530112652484 -0.0009000000000000553 -0.01 0.992 1
-0.0009886407824678497 -0.0008000000000000559 -0.01 0.992 1
-0.000989734628281599 -0.0007000000000000565 -0.01 0.992 1
-0.000990810642301136 -0.0006000000000000571 -0.01 0.992 1
-0.0009918677657055556 -0.0005000000000000577 -0.01 0.992 1
-0.0009929048857683417 -0.0004000000000000583 -0.01 0.992 1
-0.0009939208327940051 -0.0003000000000000589 -0.01 0.992 1
-0.0009949143768549066 -0.0002000000000000595 -0.01 0.992 1
-0.0009958842243133436 -0.00010000000000006011 -0.01 0.992 1
-0.0009968290141127338 -6.071532165918825e-17 -0.01 0.992 1
-0.0009977473138203436 9.999999999993868e-05 -0.01 0.992 1
-0.000998637615402482 0.00019999999999993807 -0.01 0.992 1
-0.0009994983307114412 0.00029999999999993747 -0.01 0.992 1
-0.0010003277866616252 0.00039999999999993686 -0.01 0.992 1
-0.001001124220070313 0.0004999999999999363 -0.01 0.992 1
-0.0010018857721362903 0.0005999999999999357 -0.01 0.992 1
-0.0010026104825271772 0.000699999999999935 -0.01 0.992 1
-0.0010032962830435776 0.0007999999999999344 -0.01 0.992 1
-0.0010039409908252563 0.0008999999999999338 -0.01 0.992 1
-0.0010045423010612703 0.0009999999999999332 -0.01 0.992 1
-0.0010050977791624045 0.0010999999999999326 -0.01 0.992 1
-0.0010056048523502553 0.001199999999999932 -0.01 0.992 1
-0.0010060608006129243 0.0012999999999999314 -0.01 0.992 1
-0.0010064627469723673 0.0013999999999999308 -0.01 0.992 1
-0.0010068076470030405 0.0014999999999999302 -0.01 0.992 1
-0.0010070922775354321 0.0015999999999999296 -0.01 0.992 1
-0.0010073132244713726 0.001699999999999929 -0.01 0.992 1
-0.001007466869630533 0.0017999999999999284 -0.01 0.992 1
-0.001007549376539183 0.0018999999999999278 -0.01 0.992 1
-0.0010075566750629731 0.001999999999999927 -0.01 0.992 1
-0.0010074844447750847 0.0020999999999999266 -0.01 0.992 1
-0.001007328096939448 0.002199999999999926 -0.01 0.992 1
-0.0010070827549756478 0.0022999999999999254 -0.01 0.992 1
-0.0010067432332574694 0.0023999999999999248 -0.01 0.992 1
-0.0010063040140805479 0.002499999999999924 -0.01 0.992 1
-0.0010057592226159933 0.0025999999999999236 -0.01 0.992 1
-0.0010051025996459567 0.002699999999999923 -0.01 0.992 1
-0.0010043274718534178 0.0027999999999999223 -0.01 0.992 1
-0.0010034267194117506 0.0028999999999999217 -0.01 0.992 1
-0.0010023927405893207 0.002999999999999921 -0.01 0.992 1
-0.001001217413049975 0.0030999999999999205 -0.01 0.992 1
-0.0009998920514912076 0.00319999999999992 -0.01 0.992 1
-0.0009984073612172724 0.0032999999999999193 -0.01 0.992 1
-0.0009967533871937705 0.0033999999999999187 -0.01 0.992 1
-0.0009949194580721882 0.003499999999999918 -0.01 0.992 1
-0.0009928941246064612 0.0035999999999999175 -0.01 0.992 1
-0.000990665091807431 0.003699999999999917 -0.01 0.992 1
-0.000988219144093411 0.0037999999999999163 -0.01 0.992 1
-0.0009855420625942241 0.0038999999999999157 -0.01 0.992 1
-0.0009826185336495033 0.003999999999999915 -0.01 0.992 1
-0.0009794320474072948 0.0040999999999999145 -0.01 0.992 1
-0.0009759647852726731 0.004199999999999914 -0.01 0.992 1
-0.000972197494774383 0.004299999999999913 -0.01 0.992 1
-0.0009681093502058294 0.004399999999999913 -0.01 0.992 1
-0.0009636777971494282 0.004499999999999912 -0.01 0.992 1
-0.0009588783787036924 0.0045999999999999115 -0.01 0.992 1
-0.0009536845408923093 0.004699999999999911 -0.01 0.992 1
-0.0009480674143339221 0.00479999999999991 -0.01 0.992 1
-0.000941995568778276 0.00489999999999991 -0.01 0.992 1
-0.0009354347365540347 0.004999999999999909 -0.01 0.992 1
-0.0009283475003077107 0.005099999999999908 -0.01 0.992 1
-0.0009206929396193991 0.005199999999999908 -0.01 0.992 1
-0.0009124262301315541 0.005299999999999907 -0.01 0.992 1
-0.0009034981876874775 0.005399999999999907 -0.01 0.992 1
-0.0008938547486033616 0.005499999999999906 -0.01 0.992 1
-0.0008834363755377302 0.005599999999999905 -0.01 0.992 1
-0.0008721773764068725 0.005699999999999905 -0.01 0.992 1
-0.0008600051213383445 0.005799999999999904 -0.01 0.992 1
-0.0008468391396472513 0.005899999999999904 -0.01 0.992 1
-0.0008325900751218137 0.005999999999999903 -0.01 0.992 1
-0.0008171584733355358 0.006099999999999902 -0.01 0.992 1
-0.0008004333690302071 0.006199999999999902 -0.01 0.992 1
-0.0007822906345339192 0.006299999999999901 -0.01 0.992 1
-0.0007625910412943817 0.0063999999999999006 -0.01 0.992 1
-0.0007411779753969699 0.0064999999999999 -0.01 0.992 1
-0.0007178747337047609 0.006599999999999899 -0.01 0.992 1
-0.0006924813090758112 0.006699999999999899 -0.01 0.992 1
-0.0006647705497298958 0.006799999999999898 -0.01 0.992 1
-0.0006344835475529574 0.0068999999999998975 -0.01 0.992 1
-0.0006013240706129828 0.006999999999999897 -0.01 0.992 1
-0.0005649518031940329 0.007099999999999896 -0.01 0.992 1
-0.0005249740877362129 0.007199999999999896 -0.01 0.992 1
-0.0004809357708495839 0.007299999999999895 -0.01 0.992 1
-0.00043230663099199756 0.0073999999999998945 -0.01 0.992 1
-0.0003784656953905037 0.007499999999999894 -0.01 0.992 1
-0.0003186815192332291 0.007599999999999893 -0.01 0.992 1
-0.00025208717275187543 0.007699999999999893 -0.01 0.992 1
-0.0001776482189997256 0.007799999999999892 -0.01 0.992 1
-9.412130193800744e-05 0.007899999999999891 -0.01 0.992 1
-1.0746958878371246e-16 0.007999999999999891 -0.01 0.992 1
0.0001065568249093086 0.00809999999999989 -0.01 0.992 2
0.00022782109633498097 0.00819999999999989 -0.01 0.992 2
0.00036662620913999617 0.008299999999999889 -0.01 0.992 2
0.000526547675810704 0.008399999999999888 -0.01 0.992 2
0.0007121573220758526 0.008499999999999888 -0.01 0.992 2
0.0009293881847276141 0.008599999999999887 -0.01 0.992 2
0.0011860702382255172 0.008699999999999887 -0.01 0.992 2
0.0014927372897911213 0.008799999999999886 -0.01 0.992 2
0.0018638784583615458 0.008899999999999885 -0.01 0.992 2
0.0023199462876307302 0.008999999999999885 -0.01 0.992 2
0.0028907100482983895 0.009099999999999884 -0.01 0.992 2
0.00362112776321406 0.009199999999999884 -0.01 0.992 2
0.0045822386725377084 0.009299999999999883 -0.01 0.992 2
0.00589286570025662 0.009399999999999882 -0.01 0.992 2
0.00776699029125946 0.009499999999999882 -0.01 0.992 2
0.0106305077788427 0.009599999999999881 -0.01 0.992 2
0.015462502596314334 0.00969999999999988 -0.01 0.992 2
0.025092559045236513 0.00979999999999988 -0.01 0.992 2
0.05219450099153687 0.00989999999999988 -0.01 0.992 2
